V2_Gene	baseMean	DESeq_log2FC	lfcSE	pvalue	adj_pvalue	IHW_pvalue	LBS6R1.1	LBS6R1.2	LBS6R1.3	LBS6R1.4	LBS4.4	LBS4.5	LBS4.6	LBS4.7	LBS6R1_Mean	LBS4_Mean	log2FC
H2scaf82-aug17955	1448.810419	3.279834702	0.093585012	4.4e-269	1.5e-265	4.16e-269	244.9479549	287.9155767	246.3591898	274.0655752	2839.284945	2616.480017	2626.504185	2454.92591	263.3220741	2634.298764	3.322518604
H2scaf48-aug11554	803.8422255	6.306830408	0.180095488	1.14e-268	3.34e-265	1.08e-268	9.072146478	23.827496	20.02920243	8.949080005	1655.034401	1549.27875	1596.863063	1567.683666	15.46948123	1592.21497	6.685466505
H2scaf81-aug17876	1584.732364	3.905993847	0.113252862	1.17e-260	3.46e-257	1.59e-260	172.3707831	229.339649	186.2715826	165.5579801	3097.591133	2854.830594	3214.870541	2757.026653	188.3849987	2981.07973	3.98407897
H2scaf149-aug22292	1438.611411	4.80632273	0.144515407	1.55e-242	3.54e-239	2.12e-242	71.56915555	120.1302923	94.1372514	70.47400504	3022.599014	2586.014154	2955.621616	2588.345797	89.07767608	2788.145145	4.968097936
H2scaf17-aug2338	881.7966606	3.725614528	0.116122922	7.52e-226	9.69e-223	6.71e-226	103.8256764	110.202169	137.2000366	120.8125801	1591.499412	1833.328121	1606.975609	1550.52968	118.0101155	1645.583206	3.801616541
H2scaf41-aug12200	2987.924822	3.13542379	0.100634476	4.13e-213	4.41e-210	3.46e-213	579.6093583	678.0908237	527.7694839	585.0461053	5913.961819	5387.081459	5399.180637	4832.658886	592.6289428	5383.220701	3.183268583
H2scaf37-aug8641	1395.854336	3.536714831	0.119688207	6.68e-192	6.34e-189	5.85e-192	183.4589621	230.3324613	223.3256071	205.8288401	2747.627911	2422.93218	2927.12262	2226.206105	210.7364677	2580.972204	3.614402707
H2scaf22-aug5873	891.7848238	2.449066674	0.08519422	9.91e-182	8.33e-179	8.84e-182	283.2525734	264.0880807	284.4146745	255.0487801	1439.43206	1528.669489	1554.574231	1524.798702	271.7010272	1511.86862	2.476240852
H2scaf52-aug13093	583.8451313	4.460520929	0.156412699	7.08e-179	6.09e-176	6.75e-179	35.28056964	59.56874	45.06570546	40.27086002	1230.079061	1131.717213	1176.732712	952.0461896	45.04646878	1122.643794	4.639342417
H2scaf48-aug11548	2257.828878	3.041599365	0.108290288	1.39e-173	8.47e-171	9.78e-174	401.1904776	561.9317807	479.6993981	448.5726353	4217.26513	3923.823971	4287.719818	3742.427814	472.8485729	4042.809183	3.095907964
H2scaf23-aug6304	929.9423301	3.403427303	0.123547887	4.75e-167	3.53e-164	4.23e-167	129.0260832	179.6990323	143.2087973	158.8461701	1935.21329	1650.532942	1718.213624	1524.798702	152.6950208	1707.189639	3.482898403
H2scaf35-aug19629	321.2201663	4.727795034	0.176949111	2.88e-157	2.04e-154	2.73e-157	19.15230923	29.78437	17.02482206	12.30498501	627.0174384	621.8620314	626.9778979	615.637476	19.56662158	622.8737109	4.9924731
H2scaf26-aug18164	448.7116133	4.237303943	0.15900524	1.85e-156	1.43e-153	1.98e-156	33.26453708	44.676555	46.06716558	36.91495502	1010.31049	761.6465803	844.8573141	811.9553089	40.23080317	857.1924234	4.413246653
H2scaf4-aug16095	520.0044741	4.224377805	0.159749324	4.3e-154	3.27e-151	4.68e-154	41.32866729	63.53998934	49.07154594	33.55905002	1121.757112	928.3127731	1033.318412	889.1482431	46.87481315	993.1341351	4.40510374
H2scaf48-aug11491	297.4820626	4.519050685	0.173692196	3.13e-149	2.02e-146	2.99e-149	20.16032551	19.85624667	22.03212267	23.49133501	608.2694087	550.1776474	601.2368699	534.6325449	21.38500746	573.5791177	4.745320885
H2scaf27-aug6567	370.6285591	4.501475416	0.177934735	3.32e-141	1.88e-138	3.12e-141	14.11222785	30.77718233	33.048184	29.08451002	811.373064	687.2740318	717.9908186	641.3684541	26.75552605	714.5015921	4.739028426
H2scaf13-aug16638	4279.57014	4.284084163	0.17167758	1.92e-137	6.54e-135	1.15e-137	266.1162967	533.140223	361.5271038	300.9128152	8675.129974	7340.480924	8928.45945	7830.794334	365.4241097	8193.716171	4.486874192
H2scaf46-aug11334	604.9347981	2.616962236	0.105798697	4.46e-135	2.17e-132	4.2e-135	144.1463274	167.7852843	183.2672022	165.5579801	986.3546747	1096.771076	1093.993693	1001.602147	165.1891985	1044.680398	2.660870383
H2scaf76-aug17359	423.9973982	4.338325008	0.183071851	3.84e-124	1.7e-121	3.61e-124	34.27255336	53.611866	25.03650303	22.37270001	863.4509243	815.4098683	867.8403748	709.9843957	33.8234056	814.1713908	4.589238694
H2scaf1-aug9729	267.2655079	6.264765689	0.266338261	2.44e-122	1.05e-119	2.32e-122	4.032065101	1.985624667	2.002920243	4.474540003	541.6097475	520.607839	524.0137857	539.3975409	3.123787503	531.4072282	7.410377724
H2scaf13-aug16639	1724.04897	4.036873637	0.171708385	3.22e-122	1.22e-119	2.82e-122	124.9940181	242.2462093	183.2672022	147.6598201	3828.764292	2704.293387	3414.363509	3146.803321	174.5418124	3273.556127	4.229214127
H2scaf52-aug13072	829.970707	2.436984519	0.105219892	1.13e-118	4.45e-116	1.07e-118	213.6994504	273.0233917	250.3650303	274.0655752	1477.969676	1485.658859	1367.951777	1297.031896	252.7883619	1407.153052	2.476777305
H2scaf13-aug16637	1785.560989	4.476605827	0.195714087	8.59e-116	4.54e-113	1.17e-115	76.60923692	195.5840297	120.1752146	115.2194051	4017.286146	3008.952019	3548.584584	3202.077274	126.8969716	3444.225006	4.762449851
H2scaf30-aug10785	2185.675669	2.757471733	0.120744588	1.96e-115	5.22e-113	1.37e-115	512.0722679	663.1986387	546.7972262	447.4540003	4070.405564	3729.380079	4090.065495	3426.032084	542.3805333	3828.970805	2.819579356
H2scaf37-aug8642	1222.111432	2.493159973	0.112309658	3.51e-109	1.13e-106	3.13e-109	293.3327361	402.088995	361.5271038	376.9799952	2309.132327	2060.029986	2086.861918	1886.938394	358.4822075	2085.740656	2.540586362
H2scaf34-aug7745	398.8140983	2.339086734	0.110436258	1.45e-99	5.09e-97	1.57e-99	116.9298879	130.0584157	129.1883557	137.5921051	680.1368559	620.9659766	663.7507952	711.890394	128.4421911	669.1860054	2.381288094
H2scaf26-aug18162	1522.320831	3.71742657	0.183810207	5.99e-91	1.75e-88	5.66e-91	132.0501321	266.0737053	217.3168463	137.5921051	2768.459055	2519.706098	3276.465144	2860.903565	188.2581972	2856.383466	3.923405083
H2scaf30-aug10775	788.8402509	2.942615268	0.145729156	1.14e-90	3.11e-88	1.02e-90	154.2264901	220.404338	162.2365397	146.5411851	1510.25795	1358.419077	1595.024418	1163.61201	170.8521382	1406.828364	3.041626119
H2scaf48-aug11555	3039.619159	2.66076463	0.132455264	9.39e-90	1.96e-87	6.59e-90	664.2827254	925.3010947	924.347692	665.5878254	5815.013885	5553.747652	5113.271361	4655.401037	794.8798344	5284.358484	2.732919657
H2scaf82-aug18001	244.2847834	3.860544275	0.192103575	7.97e-90	2.22e-87	7.58e-90	22.17635806	37.72686867	28.0408834	19.01679501	543.6928619	408.6009889	489.9988557	405.0246552	26.74022628	461.8293404	4.110276253
H2scaf44-aug26877	181.477844	6.088772475	0.306024764	4.38e-88	8.56e-86	2.96e-88	0	0.992812333	3.004380364	1.118635001	446.8280417	333.3323857	327.2787854	339.2677112	1.278956924	361.676731	8.143589298
H2scaf1-aug9502	2239.379732	2.574264563	0.130516406	1.35e-86	3.59e-84	1.28e-86	545.3368049	506.33429	721.0512874	702.5027804	4494.319347	3592.283694	3671.773789	3681.435866	618.8062907	3859.953174	2.641023578
H2scaf9-aug22712	265.8462721	3.501795911	0.180809436	1.46e-83	3.71e-81	1.39e-83	41.32866729	29.78437	30.04380364	52.57584503	445.7864844	433.6905234	507.4659819	586.0945011	38.43317149	493.2593727	3.681922528
H2scaf30-aug10777	353.8159554	2.800321703	0.145705092	2.56e-82	6.35e-80	2.43e-82	66.52907417	90.34592234	97.14163177	81.66035505	617.6434235	624.5501958	717.0714962	535.5855441	83.91924583	623.7126649	2.893807936
H2scaf86-aug19091	697.5236719	2.370448852	0.126139581	8.74e-79	1.96e-76	7.79e-79	172.3707831	268.05933	222.3241469	211.4220151	1090.510395	1209.67398	1262.229698	1143.599027	218.5440688	1176.503275	2.428509207
H2scaf48-aug11557	529.8302569	2.892994642	0.153979903	9.44e-79	2.22e-76	9e-79	108.8657577	158.8499733	120.1752146	81.66035505	969.6897594	995.5168831	940.4668469	863.417265	117.3878252	942.2726886	3.004861841
H2scaf27-aug6440	410.0031942	2.348463654	0.125452259	3.4e-78	8.88e-76	3.65e-78	132.0501321	128.072791	135.1971164	125.2871201	786.375691	733.8688815	616.8653512	622.3084703	130.1517899	689.8545985	2.406097163
H2scaf25-aug5079	817.075382	3.725911929	0.203551192	7.61e-75	1.53e-72	6.79e-75	75.60122065	158.8499733	88.12849068	64.88083004	1759.190122	1445.336393	1617.088156	1327.52787	96.86512868	1537.285635	3.988264049
H2scaf81-aug17880	188.2063063	3.61709966	0.200369898	7.59e-73	1.56e-70	7.42e-73	19.15230923	27.79874533	26.03796315	23.49133501	453.0773849	327.0600021	310.7309817	318.3017291	24.12008818	352.2925244	3.868466775
H2scaf9-aug22499	286.6713417	3.712342705	0.207001417	6.41e-72	1.25e-69	6.09e-72	23.18437433	42.69093034	27.03942328	43.62676502	709.3004577	532.2565514	483.5635987	431.7086325	34.13537324	539.2073101	3.981500624
H2scaf4-aug16280	157.5437276	3.616393882	0.205055389	1.3e-69	2.43e-67	1.27e-69	19.15230923	28.79155767	13.01898158	19.01679501	339.5476494	284.0493717	306.1343695	250.6387867	19.99491087	295.0925443	3.883462715
H2scaf82-aug17999	199.5687601	3.141794548	0.178472659	2.3e-69	2.97e-67	1.56e-69	28.22445571	45.66936734	43.06278522	29.08451002	422.8722259	322.5797281	368.6482948	336.4087136	36.51027957	362.6272406	3.312112684
H2scaf50-aug12297	636.0799178	2.684276174	0.166368997	1.46e-58	2.65e-56	1.57e-58	139.106246	141.9721637	179.2613617	177.8629651	1292.572493	1046.592007	796.1332252	1315.138881	159.5506841	1112.609151	2.801860178
H2scaf5-aug4795	144.3359565	2.736077533	0.177073115	7.35e-54	1.08e-51	6.94e-54	36.28858591	35.741244	40.05840485	25.72860501	285.3866746	255.3756181	218.7987386	257.309781	34.45420994	254.2177031	2.883312318
H2scaf117-aug20795	73.41201144	4.667785642	0.309580933	2.27e-51	2.48e-49	1.69e-51	3.024048826	3.971249334	2.002920243	0	130.1946508	125.447672	167.3166824	155.3388678	2.249554601	144.5744683	6.006029602
H2scaf3-aug4247	101.26881	3.68809916	0.245681673	6.16e-51	8.39e-49	5.81e-51	10.08016275	12.90656033	11.01606133	10.06771501	212.4776702	232.0781933	146.1722665	175.3518507	11.01762486	191.5199952	4.11960987
H2scaf41-aug12284	533.0418852	2.631342126	0.175648006	9.81e-51	1.32e-48	9.23e-51	124.9940181	194.5912173	142.2073372	85.01626005	918.6534563	927.4167183	968.9658423	902.4902318	136.7022082	929.3815622	2.765234476
H2scaf48-aug11634	1965.889249	2.463072013	0.164529353	1.15e-50	1.53e-48	1.07e-50	452.5993076	526.1905367	717.0454469	572.7411203	3960.0005	3583.323146	2394.834933	3520.379003	567.1441029	3364.634396	2.568662495
H2scaf2-aug5755	821.0518172	2.797415701	0.189469271	2.48e-49	3.08e-47	2.24e-49	200.5952388	269.0521423	170.2482206	106.2703251	1456.096975	1475.802256	1407.482642	1482.866738	186.5414817	1455.562153	2.964008057
H2scaf174-aug23264	89.91220873	3.359967588	0.231961862	1.51e-47	2.18e-45	1.68e-47	10.08016275	10.92093567	13.01898158	17.89816001	201.0205409	156.8095901	160.8814254	148.6678735	12.97956	166.8448575	3.684193837
H2scaf72-aug15748	1257.894189	2.670400072	0.185000797	3.14e-47	3.54e-45	2.75e-47	266.1162967	482.506794	269.3927726	230.4388101	2082.072856	2096.768233	2510.669559	2125.188191	312.1136684	2203.67471	2.819767836
H2scaf103-aug21189	201.2312723	3.667120449	0.258165852	8.59e-46	9.98e-44	8.11e-46	24.19239061	15.88499733	35.05110425	11.18635001	496.8227876	456.9879482	264.7648601	304.9597404	21.57871055	380.8838341	4.141670493
H2scaf12-aug1237	146.1636192	3.056698853	0.219332844	3.81e-44	4.21e-42	3.61e-44	18.14429296	39.71249334	22.03212267	26.84724002	308.3009332	284.9454265	195.8156778	273.5107672	26.68403724	265.6432012	3.315440924
H2scaf85-aug19513	326.0390268	2.411877998	0.174404375	1.7e-43	1.85e-41	1.6e-43	104.8336926	97.29560867	81.11826983	101.7957851	581.1889213	387.0956737	575.4958418	679.4884216	96.26083905	555.8172146	2.529589614
H2scaf23-aug6218	79.55085159	3.456495308	0.252582802	1.25e-42	8.69e-41	7.74e-43	5.040081377	13.89937267	6.008760728	15.66089001	173.9400535	137.0963844	135.1403974	149.6208726	10.1522762	148.949427	3.874947445
H2scaf47-aug13919	100.3092333	3.140164195	0.230719491	3.48e-42	4.27e-40	3.88e-42	8.064130202	23.827496	23.03358279	12.30498501	197.8958693	193.5478369	188.4610984	155.3388678	16.8075485	183.8109181	3.451041245
H2scaf34-aug7746	1273.116276	2.284825783	0.169715992	2.59e-41	2.42e-39	2.27e-41	417.318738	574.838341	321.4686989	317.6923402	2447.659436	2130.818315	1842.322152	2132.812185	407.8295295	2138.403022	2.390495637
H2scaf48-aug11556	188.5892302	2.287933359	0.170909298	7.22e-41	5.14e-39	4.89e-41	60.48097652	72.47530034	56.08176679	51.45721003	377.0437088	328.8521117	310.7309817	251.5917858	60.12381342	317.054647	2.398723101
H2scaf45-aug14460	852.0859661	2.508268511	0.189988303	8.52e-40	8.11e-38	7.94e-40	175.3948319	261.1096437	340.4964412	155.4902651	1364.439941	1428.311352	1615.249511	1476.195743	233.1227955	1471.049137	2.657683449
H2scaf2-aug5754	209.3844464	2.240247229	0.17638568	5.85e-37	3.58e-35	3.96e-37	54.43287887	92.331547	73.10658886	53.69448003	387.4592809	357.5258653	288.6672433	367.8576869	68.39137369	350.3775191	2.357023939
H2scaf11-aug6907	44.91891465	4.470407906	0.358477866	1.08e-35	6.96e-34	8.06e-36	0	0	1.001460121	1.118635001	97.90637743	113.7989596	59.75595801	85.76992699	0.53002378	89.30780552	7.396585372
H2scaf84-aug24035	96.66476333	2.792214147	0.224518187	1.66e-35	1.57e-33	1.85e-35	22.17635806	24.82030833	26.03796315	10.06771501	199.9789837	183.6912341	138.8176871	167.7278572	20.77558614	172.5539405	3.054086335
H2scaf1-aug9728	38.76944308	4.321542305	0.349328292	3.75e-35	2.19e-33	2.61e-35	1.008016275	0	1.001460121	1.118635001	84.36613374	68.99621962	71.70714962	81.95793024	0.782027849	76.7568583	6.616931867
H2scaf6-aug3463	233.6431852	2.232863823	0.180120009	2.73e-35	2.23e-33	2.66e-35	66.52907417	65.525614	84.12265019	90.60943505	481.1994295	440.8589618	315.3275938	324.9727234	76.69669335	390.5896771	2.348417536
H2scaf12-aug808	74.66791604	3.084417681	0.250183663	6.35e-35	3.37e-33	4.07e-35	11.08817903	20.849059	13.01898158	4.474540003	149.9842378	117.3831788	146.1722665	134.3728856	12.3576899	136.9781422	3.470464717
H2scaf7-aug1834	91.41306419	2.49042326	0.201853168	5.67e-35	5.25e-33	6.37e-35	14.11222785	27.79874533	30.04380364	27.96587502	154.1504666	169.3543573	154.4461684	153.4328694	24.98016296	157.8459654	2.659662592
H2scaf12-aug1285	69.90174725	3.404746241	0.277811014	1.57e-34	7.91e-33	9.67e-35	9.072146478	11.913748	6.008760728	6.711810004	177.0647251	126.3437268	128.7051403	93.3939205	8.426616302	131.3768782	3.962614144
H2scaf16-aug1717	86.97023387	3.20877414	0.26523657	1.09e-33	5.21e-32	6.7e-34	18.14429296	11.913748	13.01898158	7.830445004	223.9347994	131.7200556	170.0746497	119.1248986	12.72686688	161.2136009	3.663024259
H2scaf71-aug15841	70.47547243	2.41444094	0.208041433	3.86e-31	1.69e-29	2.38e-31	16.1282604	23.827496	21.03066255	19.01679501	123.9453076	116.487124	120.4312385	122.9368954	20.00080349	120.9501414	2.596282592
H2scaf108-aug20362	101.9783296	3.392775391	0.291444093	2.54e-31	1.69e-29	2.4e-31	14.11222785	17.870622	12.01752146	3.355905002	273.9295454	174.7306861	114.9153039	204.8948256	11.83906908	192.1175902	4.020362068
H2scaf72-aug15747	706.2871632	2.462758179	0.220047543	4.47e-29	2.59e-27	3.98e-29	136.0821972	331.5993193	135.1971164	165.5579801	1217.580375	1198.921323	1354.161941	1111.197054	192.1091532	1220.465173	2.667432963
H2scaf29-aug7513	54.79977273	3.297319653	0.295757163	7.26e-29	3.01e-27	4.65e-29	1.008016275	12.90656033	4.005840485	8.949080005	106.2388351	80.64493203	111.2380141	113.4069035	6.717374275	102.8821712	3.936951769
H2scaf12-aug820	29.61009103	4.091041541	0.372556787	4.72e-28	2.07e-26	3.31e-28	0	0.992812333	0	0	70.82589005	63.61989082	40.45018696	60.99194808	0.248203083	58.97197898	7.892364761
H2scaf22-aug5889	86.88430165	2.384891718	0.220568074	3e-27	1.12e-25	1.85e-27	15.12024413	31.76999467	35.05110425	16.77952501	151.025795	143.3687681	159.962103	141.9968791	24.68021701	149.0883863	2.594740893
H2scaf25-aug5066	94.57035359	2.884989349	0.266391521	2.48e-27	1.42e-25	2.35e-27	15.12024413	9.928123334	19.02774231	26.84724002	235.3919287	192.6517821	122.2698833	135.3258848	17.73083745	171.4098697	3.273117599
H2scaf47-aug13916	47.09788569	3.06828746	0.285029522	5.05e-27	2.15e-25	3.6e-27	6.048097652	8.935311	10.01460121	3.355905002	107.2803923	68.99621962	87.33563094	84.8169278	7.088478717	87.10729266	3.619245563
H2scaf37-aug8543	109.5804564	2.223693226	0.206549887	4.99e-27	3.3e-25	5.57e-27	26.20842316	34.74843167	44.06424534	35.79632002	234.3503715	189.0675629	160.8814254	151.526871	35.20435505	183.9565577	2.385539289
H2scaf16-aug1374	55.01493056	2.595288934	0.245185695	3.5e-26	1.29e-24	2.24e-26	10.08016275	13.89937267	15.02190182	13.42362001	112.4881783	94.98180883	101.1254674	79.09893267	13.10626431	96.92359681	2.886591412
H2scaf12-aug821	113.8772257	2.710496934	0.265968351	2.17e-24	1.1e-22	2.05e-24	23.18437433	37.72686867	25.03650303	10.06771501	135.4024369	181.8991245	253.732991	243.9677923	24.00386526	203.7505862	3.085465568
H2scaf15-aug538	84.76619488	2.4894601	0.246661988	5.96e-24	2.3e-22	4.44e-24	20.16032551	27.79874533	26.03796315	12.30498501	205.1867697	137.9924392	132.3824301	116.265901	21.57550475	147.956885	2.777710616
H2scaf44-aug26897	82.68255572	2.13864455	0.221448764	4.57e-22	1.33e-20	2.82e-22	27.21643943	30.77718233	36.05256437	15.66089001	158.3166954	148.7450969	110.3186917	134.3728856	27.42676904	137.9383424	2.330366952
H2scaf14-aug302	44.02515842	2.420750762	0.258134349	6.73e-21	1.77e-19	4.05e-21	14.11222785	13.89937267	10.01460121	7.830445004	86.44924815	65.41200042	75.38443934	79.09893267	11.46416168	76.58615515	2.739952751
H2scaf41-aug12281	22.70002692	3.277669425	0.349984474	7.59e-21	3.29e-19	7.63e-21	2.016032551	1.985624667	2.002920243	1.118635001	41.66228827	43.01063042	45.96612155	43.83796268	1.780803115	43.61925073	4.614365062
H2scaf2-aug5318	50.17037277	2.449419788	0.26738006	5.15e-20	1.5e-18	3.61e-20	9.072146478	13.89937267	10.01460121	17.89816001	114.5712927	74.37254843	91.01292067	70.52193997	12.72107009	87.61967545	2.784034836
H2scaf9-aug22675	52.85686014	2.270129569	0.253833152	3.77e-19	1.11e-17	2.82e-19	10.08016275	14.892185	18.02628218	19.01679501	106.2388351	94.98180883	65.2718926	94.34691969	15.50385624	90.20986405	2.540658096
H2scaf22-aug5888	30.23717388	2.733337819	0.310077956	1.2e-18	3.16e-17	8.32e-19	3.024048826	4.964061667	7.010220849	6.711810004	67.70121843	48.38695922	45.96612155	58.13295052	5.427535336	55.04681243	3.342289906
H2scaf100-aug19362	41.91900139	2.756582947	0.33077839	7.84e-17	1.87e-15	5.45e-17	0	8.935311	3.004380364	15.66089001	77.07523329	69.89227442	85.49698608	75.28693591	6.900145343	76.93785743	3.478994998
H2scaf81-aug17879	23.85287626	3.08426548	0.372540673	1.24e-16	3.65e-15	1.08e-16	2.016032551	2.978437	1.001460121	1.118635001	70.82589005	52.86723322	26.6603505	33.35497161	1.778641168	45.92711134	4.690498657
H2scaf80-aug17791	25.87746034	2.826651205	0.343298861	1.81e-16	5.06e-15	1.5e-16	2.016032551	3.971249334	7.010220849	1.118635001	44.78695989	33.15402761	61.59460288	53.36795457	3.529034433	48.22588624	3.772462339
H2scaf933-aug24782	29.29011489	2.379992221	0.296133288	9.21e-16	1.77e-14	5.54e-16	8.064130202	4.964061667	7.010220849	8.949080005	58.32720357	45.69879482	44.12747669	57.17995133	7.246873181	51.3333566	2.824466046
H2scaf71-aug15843	36.39531965	2.063299433	0.262049149	3.44e-15	7.51e-14	2.41e-15	15.12024413	8.935311	15.02190182	8.949080005	60.41031799	57.34750722	63.43324774	61.94494727	12.00663424	60.78400505	2.339859953
H2scaf9-aug22498	14.35874924	3.055558658	0.391862101	6.31e-15	1.52e-13	5.07e-15	1.008016275	0	1.001460121	0	36.45450223	23.29742481	33.09560752	20.01298296	0.502369099	28.21512938	5.811577428
H2scaf16-aug1553	68.97579471	2.306494042	0.299987394	1.49e-14	2.8e-13	9.52e-15	25.20040688	8.935311	10.01460121	27.96587502	105.1972779	74.37254843	158.1234581	141.9968791	18.02904853	119.9225409	2.73370769
H2scaf7-aug2208	14.4110431	2.926243155	0.379799838	1.31e-14	3.85e-13	1.32e-14	2.016032551	0.992812333	0	1.118635001	29.16360179	26.88164401	30.33764022	24.77797891	1.031869971	27.79021623	4.751243971
H2scaf22-aug5890	26.54133953	2.305567407	0.307506209	6.5e-14	1.57e-12	5.63e-14	5.040081377	5.956874	8.011680971	7.830445004	43.74540268	35.84219201	48.72408884	57.17995133	6.709770338	46.37290872	2.78894693
H2scaf165-aug23121	35.56127171	2.12644743	0.285992675	1.04e-13	1.99e-12	7.25e-14	11.08817903	12.90656033	8.011680971	11.18635001	76.03367609	62.72383602	62.51392531	40.02596593	10.79819258	60.32435084	2.481950633
H2scaf23-aug6305	28.50490343	2.585029189	0.34670914	8.93e-14	2.44e-12	8.97e-14	0	5.956874	11.01606133	2.237270001	67.70121843	49.28301402	42.28883183	49.55595782	4.802551334	52.20725552	3.44237738
H2scaf44-aug26901	16.41187258	2.770189981	0.379890941	3.05e-13	7.94e-12	3.07e-13	1.008016275	2.978437	0	2.237270001	24.99737296	46.59484962	22.98306077	30.49597404	1.555930819	31.26781435	4.328828556
H2scaf25-aug5068	25.00109449	2.484693337	0.356780538	3.3e-12	6.47e-11	2.74e-12	5.040081377	2.978437	7.010220849	2.237270001	65.61810402	60.03567162	28.49899536	28.58997566	4.316502307	45.68568667	3.403807575
H2scaf12-aug815	29.2699456	2.029963267	0.295563684	6.51e-12	1.05e-10	4.56e-12	8.064130202	7.942498667	9.013141092	12.30498501	65.61810402	37.63430161	46.88544398	46.69696025	9.331188742	49.20870247	2.398780687
H2scaf12-aug891	19.66367523	2.248706246	0.338551162	3.09e-11	5.43e-10	2.56e-11	5.040081377	4.964061667	5.007300607	3.355905002	33.32983061	23.29742481	42.28883183	40.02596593	4.591837163	34.73551329	2.91926803
H2scaf141-aug21840	24.96041669	2.033434583	0.308101123	4.11e-11	7.2e-10	3.46e-11	10.08016275	6.949686334	8.011680971	5.593175003	41.66228827	33.15402761	55.15934586	39.07296674	7.658676265	42.26215712	2.464199445
H2scaf25-aug5116	28.10806121	2.068794151	0.313741983	4.28e-11	7.49e-10	3.6e-11	8.064130202	2.978437	8.011680971	14.54225501	61.45187519	48.38695922	40.45018696	40.97896512	8.399125795	47.81699662	2.509212436
H2scaf12-aug1284	11.90418771	2.573124309	0.393996292	6.54e-11	1.08e-09	5.3e-11	1.008016275	2.978437	0	0	20.83114413	15.23293161	28.49899536	26.68397729	0.996613319	22.8117621	4.516600227
H2scaf11-aug7027	12.83817961	2.469347436	0.375769569	4.98e-11	1.29e-09	6.35e-11	1.008016275	1.985624667	2.002920243	2.237270001	27.08048737	22.40137001	19.30577105	26.68397729	1.808457796	23.86790143	3.722239888
H2scaf71-aug15842	18.63970476	1.972830207	0.330311394	2.33e-09	3.31e-08	1.94e-09	7.056113927	4.964061667	7.010220849	3.355905002	31.2467162	38.53035641	32.17628508	24.77797891	5.596575361	31.68283415	2.501085203
H2scaf62-aug14354	18.41855779	1.982803712	0.335852454	3.55e-09	4.95e-08	2.95e-09	4.032065101	5.956874	6.008760728	5.593175003	42.70384547	24.19347961	32.17628508	26.68397729	5.397718708	31.43939686	2.54215184
H2scaf39-aug10408	16.21482011	1.953868217	0.346651013	1.74e-08	2.61e-07	1.75e-08	4.032065101	1.985624667	5.007300607	7.830445004	34.37138782	27.77769881	22.98306077	25.7309781	4.713858845	27.71578138	2.555727218
H2scaf41-aug12142	7.615105256	2.271144673	0.408748374	2.75e-08	3.3e-07	2.23e-08	0	1.985624667	0	0	14.58180089	10.7526576	19.30577105	14.29498783	0.496406167	14.73380434	4.891465142
H2scaf112-aug20416	9.529419831	2.162862232	0.390709016	3.1e-08	4.15e-07	2.86e-08	1.008016275	1.985624667	2.002920243	1.118635001	14.58180089	15.23293161	18.38644862	21.91898134	1.528799046	17.53004062	3.51935865
H2scaf51-aug12713	12.46581761	2.005309335	0.366317133	4.39e-08	5.85e-07	4.16e-08	4.032065101	0.992812333	4.005840485	3.355905002	21.87270134	19.71320561	25.74102807	20.01298296	3.09665573	21.83497949	2.81785827
H2scaf69-aug15401	8.214767457	2.262943734	0.410282357	3.48e-08	6.21e-07	4.44e-08	0	0.992812333	1.001460121	0	15.6233581	8.064493203	25.74102807	14.29498783	0.498568114	15.9309668	4.997899395
H2scaf62-aug14303	19.41770196	1.935052527	0.358448874	6.72e-08	7.98e-07	5.83e-08	0	5.956874	8.011680971	7.830445004	28.12204458	24.19347961	45.96612155	35.26096999	5.449749994	33.38565393	2.614966346
H2scaf25-aug5115	7.282173198	2.18601959	0.410312407	9.95e-08	1.09e-06	8.06e-08	0	0	1.001460121	1.118635001	12.49868648	8.064493203	17.46712619	18.10698459	0.53002378	14.03432261	4.726758531
H2scaf877-aug24729	8.202723349	1.955907679	0.396863765	8.29e-07	7.77e-06	6.72e-07	1.008016275	1.985624667	2.002920243	1.118635001	12.49868648	13.440822	20.22509348	13.34198864	1.528799046	14.87664765	3.282578773
H2scaf9-aug22794	6.497282548	1.980302017	0.409243374	1.31e-06	1.37e-05	1.24e-06	1.008016275	0.992812333	0	1.118635001	14.58180089	8.064493203	12.87051403	13.34198864	0.779865902	12.21469919	3.969248451
H2scaf62-aug14327	6.325153279	1.955657773	0.409567663	1.8e-06	2.4e-05	2.29e-06	1.008016275	0.992812333	0	1.118635001	10.41557207	10.7526576	10.11254674	16.20098621	0.779865902	11.87044066	3.928003607
H2scaf69-aug15391	11.80581474	1.732958817	0.371809777	3.15e-06	2.96e-05	2.9e-06	4.032065101	3.971249334	1.001460121	5.593175003	22.91425855	20.60926041	22.98306077	13.34198864	3.64948739	19.96214209	2.4515008
H2scaf16-aug1614	6.540617465	1.842970306	0.408618153	6.48e-06	5.87e-05	6.13e-06	0	0	2.002920243	2.237270001	9.37401486	14.33687681	11.03186917	13.34198864	1.060047561	12.02118737	3.503378502
H2scaf59-aug14227	6.763542434	1.831745036	0.410335614	8.04e-06	7.14e-05	7.61e-06	0	0.992812333	3.004380364	0	17.70647251	8.064493203	11.9511916	12.38898945	0.999298174	12.52778669	3.648072524
H2scaf298-aug23769	6.119017018	1.802823802	0.408505148	1.02e-05	8.85e-05	9.64e-06	0	1.985624667	1.001460121	1.118635001	12.49868648	8.960548003	11.9511916	11.43599027	1.026429947	11.21160409	3.449285631
H2scaf38-aug12983	10.71011005	1.680265653	0.378523132	9.04e-06	0.000103864	1.15e-05	3.024048826	2.978437	6.008760728	1.118635001	12.49868648	19.71320561	17.46712619	22.87198053	3.282470389	18.1377497	2.466141574
H2scaf3-aug4121	10.71960774	1.675462924	0.378397027	9.52e-06	0.000108913	1.21e-05	1.008016275	6.949686334	3.004380364	2.237270001	20.83114413	15.23293161	18.38644862	18.10698459	3.299838244	18.13937724	2.458657715
H2scaf12-aug798	10.42435434	1.677648386	0.38555748	1.35e-05	0.000114108	1.28e-05	3.024048826	3.971249334	3.004380364	2.237270001	13.54024369	9.856602803	22.98306077	24.77797891	3.059237131	17.78947154	2.53977981
H2scaf41-aug12290	8.198664406	1.618137588	0.394769242	4.15e-05	0.000266952	3.36e-05	2.016032551	2.978437	0	4.474540003	14.58180089	11.6487124	16.54780376	13.34198864	2.367252388	14.03007642	2.567237433
H2scaf100-aug19322	6.829573589	1.633917244	0.399431426	4.3e-05	0.000276026	3.49e-05	2.016032551	1.985624667	2.002920243	1.118635001	11.45712927	11.6487124	10.11254674	14.29498783	1.780803115	11.87834406	2.7377338
H2scaf126-aug21376	10.08956016	1.556541843	0.387575285	5.92e-05	0.00036726	4.8e-05	4.032065101	5.956874	3.004380364	0	11.45712927	16.12898641	22.98306077	17.1539854	3.248329866	16.93079046	2.381879281
H2scaf12-aug1246	5.181658983	1.751151408	0.41469333	2.41e-05	0.000708001	0.000101187	0	0.992812333	1.001460121	0	15.6233581	11.6487124	5.515934586	6.670994322	0.498568114	9.864749853	4.306419946
H2scaf141-aug21805	6.216646277	1.528127783	0.409251176	0.000188492	0.001126661	0.000173781	3.024048826	1.985624667	0	1.118635001	10.41557207	8.064493203	16.54780376	8.576992699	1.532077123	10.90121543	2.830928169
H2scaf12-aug1247	7.826513685	1.505495041	0.402427288	0.000183263	0.00145781	0.000233874	1.008016275	1.985624667	5.007300607	1.118635001	15.6233581	15.23293161	6.435257017	16.20098621	2.279894137	13.37313323	2.552298776
H2scaf21-aug9079	5.773448023	1.645056823	0.412627508	6.7e-05	0.001670688	0.00027404	0	2.978437	0	1.118635001	11.45712927	8.064493203	8.273901879	14.29498783	1.024268	10.52262805	3.360829914
H2scaf12-aug1014	7.124475519	1.466548258	0.397425174	0.000224145	0.00173315	0.000286045	2.016032551	1.985624667	4.005840485	1.118635001	14.58180089	10.7526576	9.19322431	13.34198864	2.281533176	11.96741786	2.391036367
H2scaf69-aug15404	9.469301262	1.470597648	0.405745531	0.000289596	0.002159905	0.000369139	5.040081377	3.971249334	2.002920243	0	7.290900447	9.856602803	27.57967293	20.01298296	2.753562738	16.18503979	2.555289527
H2scaf35-aug19689	7.248915535	1.329113466	0.409930257	0.001185726	0.005487947	0.001093182	1.008016275	0	1.001460121	2.237270001	23.95581575	0	19.30577105	10.48299108	1.061686599	13.43614447	3.66168935
H2scaf64-aug14969	6.685853136	1.27466269	0.412265409	0.001989135	0.008740229	0.001881903	1.008016275	1.985624667	1.001460121	4.474540003	22.91425855	6.272383602	10.11254674	5.717995133	2.117410266	11.25429601	2.410103078
H2scaf35-aug19672	5.162673904	1.433691815	0.411947196	0.000500889	0.009498187	0.002076126	1.008016275	0	1.001460121	3.355905002	8.332457653	10.7526576	8.273901879	8.576992699	1.34134535	8.984002459	2.743677594
H2scaf62-aug14375	4.862162043	1.428145781	0.414528045	0.000570567	0.010580424	0.002364932	0	0	3.004380364	1.118635001	5.207786033	9.856602803	8.273901879	11.43599027	1.030753841	8.693570245	3.076248942
H2scaf14-aug255	40.08987534	1.080432941	0.394931324	0.00622385	0.017990666	0.004440582	10.08016275	3.971249334	2.002920243	7.830445004	12.49868648	135.3042748	146.1722665	2.858997566	5.971194333	74.20855636	3.635494114
H2scaf3-aug4310	4.694535229	1.284114028	0.411192466	0.00179077	0.027505379	0.00742253	1.008016275	0	1.001460121	1.118635001	17.70647251	6.272383602	0.919322431	9.529991888	0.782027849	8.607042609	3.46022572
H2scaf3-aug4309	5.786489766	1.265132654	0.414644715	0.00227986	0.032996667	0.009328465	0	0	3.004380364	3.355905002	18.74802972	6.272383602	9.19322431	5.717995133	1.590071341	9.982908191	2.650368662
H2scaf45-aug14459	3.940468055	1.243422747	0.414755512	0.002717884	0.03840571	0.011252109	0	1.985624667	1.001460121	1.118635001	7.290900447	8.960548003	7.354579448	3.811996755	1.026429947	6.854506163	2.739417562
H2scaf7-aug2211	2.498229733	1.210683579	0.403926987	0.002723975	0.038506606	0.011290556	0	0	1.001460121	0	4.166228827	3.584219201	5.515934586	5.717995133	0.25036503	4.746094437	4.244635834
H2scaf48-aug11599	5.014880898	1.227273288	0.413876939	0.003023784	0.041958812	0.012533227	0	2.978437	1.001460121	2.237270001	6.24934324	6.272383602	14.7091589	6.670994322	1.554291781	8.475470015	2.447036016
H2scaf6-aug3461	5.230632261	1.265826559	0.413733528	0.00221691	0.04843038	0.014924523	2.016032551	0	3.004380364	1.118635001	14.58180089	9.856602803	4.596612155	6.670994322	1.534761979	8.926502543	2.540080099
H2scaf169-aug23090	4.610781764	1.181151611	0.413344165	0.004269254	0.05543805	0.017695553	2.016032551	0	3.004380364	1.118635001	10.41557207	6.272383602	6.435257017	7.62399351	1.534761979	7.686801549	2.324368493
H2scaf4-aug16106	2.752716521	1.132441275	0.40850159	0.005568168	0.068793686	0.023079398	0	0	1.001460121	1.118635001	5.207786033	4.480274002	7.354579448	2.858997566	0.53002378	4.975409262	3.230686207
H2scaf16-aug1537	4.082227495	1.132717088	0.414752437	0.006312945	0.075807692	0.026135757	1.008016275	2.978437	0	1.118635001	7.290900447	8.960548003	3.677289724	7.62399351	1.276272069	6.888182921	2.432187547
H2scaf49-aug12477	2.296766301	1.072255873	0.396989163	0.006913755	0.080713122	0.028288893	0	0	0	1.118635001	6.24934324	3.584219201	5.515934586	1.905998378	0.27965875	4.313873851	3.947244613
H2scaf102-aug19890	3.666702334	1.08288347	0.412985652	0.008739364	0.099195637	0.036643831	0	0.992812333	2.002920243	1.118635001	2.083114413	4.480274002	11.03186917	7.62399351	1.028591894	6.304812774	2.61578284
H2scaf22-aug5880	3.536021473	1.061584911	0.412678498	0.010098853	0.109844397	0.041809514	0	2.978437	1.001460121	0	3.12467162	6.272383602	9.19322431	5.717995133	0.99497428	6.077068666	2.610644455
H2scaf4-aug16094	2.125795858	1.071688128	0.397668726	0.007040409	0.121145387	0.047396938	0	0.992812333	0	0	3.12467162	4.480274002	4.596612155	3.811996755	0.248203083	4.003388633	4.011628731
H2scaf62-aug14360	3.943408904	0.992477048	0.413033595	0.016265783	0.157513362	0.06655443	2.016032551	0.992812333	1.001460121	1.118635001	12.49868648	5.376328802	0.919322431	7.62399351	1.282235001	6.604582806	2.364806737
H2scaf12-aug1065	2.147132822	0.93740239	0.402094942	0.019737749	0.185026065	0.081714793	0	0.992812333	1.001460121	0	4.166228827	4.480274002	3.677289724	2.858997566	0.498568114	3.79569753	2.92850251
H2scaf12-aug1165	2.506131809	0.926087089	0.408575206	0.023413097	0.210825612	0.096930827	1.008016275	0.992812333	1.001460121	0	3.12467162	2.688164401	5.515934586	5.717995133	0.750572182	4.261691435	2.505363412
H2scaf25-aug5075	2.807330037	0.970392077	0.407816289	0.017336925	0.243158774	0.116714416	0	0.992812333	2.002920243	0	8.332457653	2.688164401	3.677289724	4.764995944	0.748933144	4.865726931	2.699746514
H2scaf2425-aug25680	2.378061381	0.859667965	0.405851802	0.03415966	0.281061104	0.141587758	1.008016275	0	2.002920243	0	3.12467162	4.480274002	4.596612155	3.811996755	0.752734129	4.003388633	2.411009383
H2scaf25-aug5273	2.132331533	0.818607005	0.390384911	0.036000413	0.29190156	0.149042644	0	1.985624667	0	0	2.083114413	4.480274002	1.838644862	6.670994322	0.496406167	3.7682569	2.924304381
H2scaf49-aug12634	3.230548778	0.84127583	0.403527418	0.037087038	0.29847746	0.153541298	3.024048826	0	0	1.118635001	5.207786033	9.856602803	0.919322431	5.717995133	1.035670957	5.4254266	2.389170864
H2scaf7-aug1799	12.8979338	0.473132696	0.304865503	0.120676796	0.299165604	0.154003449	2.016032551	0	0	3.355905002	58.32720357	1.792109601	37.69221967	0	1.342984388	24.45288321	4.186490143
H2scaf8250-aug27743	3.156181105	0.631064702	0.3772009	0.094323331	0.815846148	0.634996823	3.024048826	0.992812333	0	0	0	1.792109601	15.62848133	3.811996755	1.00421529	5.308146921	2.402139706
H2scaf14-aug254	2.603684829	0.555193225	0.358069604	0.121017331	0.975852585	0.814704269	0	0	3.004380364	0	1.041557207	0	10.11254674	6.670994322	0.751095091	4.456274567	2.568770651
H2scaf1-aug9519	2.014237495	0.987684183	0.392769016	0.011914409	1	1	0	0	0	1.118635001	2.083114413	3.584219201	5.515934586	3.811996755	0.27965875	3.748816239	3.744695733
H2scaf2241-aug25596	1.809863602	0.864052211	0.3819097	0.023669516	1	1	1.008016275	0	0	0	4.166228827	0.8960548	4.596612155	3.811996755	0.252004069	3.367723134	3.740254604
H2scaf8-aug2814	1.747582799	0.847006533	0.380345694	0.025951373	1	1	0	0.992812333	0	0	1.041557207	5.376328802	2.757967293	3.811996755	0.248203083	3.246962514	3.709497786
H2scaf25-aug5235	1.684102276	0.871039234	0.384840148	0.023612316	1	1	0	0	1.001460121	0	4.166228827	2.688164401	2.757967293	2.858997566	0.25036503	3.117839522	3.6384417
H2scaf141-aug21819	1.798385093	0.910058956	0.388304955	0.019095021	1	1	0	0	0	1.118635001	3.12467162	2.688164401	4.596612155	2.858997566	0.27965875	3.317111436	3.568188103
H2scaf42-aug10600	1.561845193	0.805069644	0.379133643	0.033716534	1	1	1.008016275	0	0	0	3.12467162	1.792109601	2.757967293	3.811996755	0.252004069	2.871686317	3.510379235
H2scaf84-aug24034	1.537547305	0.803577235	0.379068822	0.034016874	1	1	0	0.992812333	0	0	2.083114413	2.688164401	3.677289724	2.858997566	0.248203083	2.826891526	3.509623582
H2scaf7-aug2213	1.458223372	0.676025833	0.362164094	0.061953479	1	1	0	0	1.001460121	0	5.207786033	3.584219201	0.919322431	0.952999189	0.25036503	2.666081714	3.412616025
H2scaf72-aug15676	1.416594926	0.738973363	0.372934525	0.047534148	1	1	0	0	1.001460121	0	2.083114413	3.584219201	2.757967293	1.905998378	0.25036503	2.582824821	3.366844823
H2scaf151-aug22271	1.412385331	0.706505742	0.367963809	0.054852672	1	1	0	0	1.001460121	0	2.083114413	3.584219201	3.677289724	0.952999189	0.25036503	2.574405632	3.362134414
H2scaf115-aug26059	1.554576279	0.786300429	0.378039629	0.037530871	1	1	0	0	0	1.118635001	2.083114413	3.584219201	1.838644862	3.811996755	0.27965875	2.829493808	3.338804604
H2scaf81-aug17851	1.350732289	0.432230039	0.311995762	0.165938899	1	1	0	0	1.001460121	0	5.207786033	0	4.596612155	0	0.25036503	2.451099547	3.291324104
H2scaf1-aug9713	1.348081726	0.576776369	0.346594673	0.096087735	1	1	0	0	1.001460121	0	4.166228827	0	2.757967293	2.858997566	0.25036503	2.445798421	3.288200531
H2scaf28-aug13456	1.310625151	0.689093981	0.3680704	0.061181727	1	1	0	0.992812333	0	0	2.083114413	1.792109601	2.757967293	2.858997566	0.248203083	2.373047218	3.257147864
H2scaf55-aug14072	1.32650385	0.660902649	0.363212113	0.068819149	1	1	1.008016275	0	0	0	3.12467162	0.8960548	3.677289724	1.905998378	0.252004069	2.40100363	3.252118652
H2scaf6001-aug27219	1.296934373	0.29006405	0.267576861	0.278347016	1	1	0	0	1.001460121	0	9.37401486	0	0	0	0.25036503	2.343503715	3.226562108
H2scaf33-aug10129	1.231301218	0.496263722	0.332287351	0.135312209	1	1	0	0	1.001460121	0	5.207786033	2.688164401	0	0.952999189	0.25036503	2.212237406	3.143401243
H2scaf102-aug19847	1.355610537	0.658071435	0.363951531	0.070586376	1	1	0	0	0	1.118635001	4.166228827	0.8960548	2.757967293	1.905998378	0.27965875	2.431562324	3.120144194
H2scaf16-aug1381	1.203908869	0.601911504	0.356184395	0.091049507	1	1	0	0	1.001460121	0	2.083114413	0.8960548	1.838644862	3.811996755	0.25036503	2.157452708	3.107223962
H2scaf7186-aug27502	1.184640095	0.599233623	0.35592313	0.092258216	1	1	0	0.992812333	0	0	1.041557207	1.792109601	1.838644862	3.811996755	0.248203083	2.121077106	3.095204124
H2scaf2478-aug25707	1.201562043	0.60960074	0.357887213	0.088505956	1	1	1.008016275	0	0	0	3.12467162	2.688164401	1.838644862	0.952999189	0.252004069	2.151120018	3.093569087
H2scaf16-aug1596	1.192581226	0.626534061	0.361190587	0.082805365	1	1	0	0	1.001460121	0	2.083114413	1.792109601	2.757967293	1.905998378	0.25036503	2.134797421	3.0919942
H2scaf3741-aug26455	1.19761034	0.626937245	0.361272699	0.082677524	1	1	1.008016275	0	0	0	2.083114413	1.792109601	1.838644862	2.858997566	0.252004069	2.143216611	3.088258735
H2scaf10-aug12088	1.177264155	0.515841454	0.338108217	0.12709215	1	1	0	0.992812333	0	0	2.083114413	3.584219201	2.757967293	0	0.248203083	2.106325227	3.08513527
H2scaf133-aug21612	1.193400745	0.626226981	0.361233901	0.082993067	1	1	1.008016275	0	0	0	2.083114413	1.792109601	2.757967293	1.905998378	0.252004069	2.134797421	3.082580241
H2scaf43-aug11067	1.174613592	0.580188953	0.352311771	0.099598036	1	1	0	0.992812333	0	0	1.041557207	3.584219201	0.919322431	2.858997566	0.248203083	2.101024101	3.081499769
H2scaf35-aug19731	1.110651448	0.457181641	0.327123675	0.162239103	1	1	1.008016275	0	0	0	4.166228827	0	2.757967293	0.952999189	0.252004069	1.969298827	2.966163114
H2scaf103-aug21196	1.076584948	0.565831383	0.353737677	0.109691995	1	1	0	0.992812333	0	0	2.083114413	1.792109601	1.838644862	1.905998378	0.248203083	1.904966813	2.940172922
H2scaf60-aug26097	1.060779262	0.447911788	0.325955921	0.169395635	1	1	0	0	1.001460121	0	1.041557207	3.584219201	0	2.858997566	0.25036503	1.871193494	2.901853777
H2scaf6-aug3478	0.993835651	0.40922073	0.318782611	0.199247502	1	1	0	0.992812333	0	0	4.166228827	0	1.838644862	0.952999189	0.248203083	1.739468219	2.809053378
H2scaf5333-aug27045	2.063788761	0.821527583	0.393739074	0.036935422	1	1	0	0	1.001460121	1.118635001	4.166228827	0.8960548	5.515934586	3.811996755	0.53002378	3.597553742	2.762887243
H2scaf10-aug12101	0.977548343	0.478779979	0.339197374	0.158094729	1	1	1.008016275	0	0	0	3.12467162	0.8960548	1.838644862	0.952999189	0.252004069	1.703092618	2.756637961
H2scaf12-aug961	0.969868667	0.477628943	0.338983067	0.158833596	1	1	0	0	1.001460121	0	2.083114413	0.8960548	0.919322431	2.858997566	0.25036503	1.689372303	2.75438233
H2scaf58-aug17546	0.960368504	0.476159773	0.338714131	0.159787514	1	1	0	0.992812333	0	0	2.083114413	0.8960548	2.757967293	0.952999189	0.248203083	1.672533924	2.75244253
H2scaf12-aug782	0.958798914	0.456113551	0.333672674	0.171641269	1	1	0	0	1.001460121	0	1.041557207	0.8960548	0.919322431	3.811996755	0.25036503	1.667232798	2.735350591
H2scaf21-aug9135	0.95458932	0.474231025	0.338626535	0.161377286	1	1	0	0	1.001460121	0	1.041557207	0.8960548	1.838644862	2.858997566	0.25036503	1.658813609	2.728046815
H2scaf56-aug13696	0.959360543	0.488445103	0.342282907	0.153573668	1	1	1.008016275	0	0	0	2.083114413	1.792109601	1.838644862	0.952999189	0.252004069	1.666717016	2.725490244
H2scaf56-aug13681	0.954107698	0.399382182	0.317714179	0.208736017	1	1	1.008016275	0	0	0	1.041557207	0	3.677289724	1.905998378	0.252004069	1.656211327	2.716367835
H2scaf12-aug802	0.94617013	0.453229407	0.333354048	0.173955357	1	1	0	0	1.001460121	0	1.041557207	0.8960548	3.677289724	0.952999189	0.25036503	1.64197523	2.71332739
H2scaf72-aug15753	0.934054693	0.394780743	0.31709156	0.21312972	1	1	1.008016275	0	0	0	1.041557207	3.584219201	1.838644862	0	0.252004069	1.616105317	2.681002285
H2scaf6-aug3010	0.926375016	0.393570328	0.316802018	0.214117535	1	1	0	0	1.001460121	0	0	3.584219201	0.919322431	1.905998378	0.25036503	1.602385002	2.67811585
H2scaf107-aug20586	1.857807555	0.633244406	0.371345949	0.088144432	1	1	1.008016275	0	1.001460121	0	6.24934324	0	1.838644862	4.764995944	0.502369099	3.213246011	2.677211809
H2scaf12-aug1218	0.912958439	0.294306552	0.282895338	0.298183253	1	1	1.008016275	0	0	0	0	5.376328802	0.919322431	0	0.252004069	1.573912808	2.642836688
H2scaf16-aug1408	1.808765446	0.653685959	0.375779257	0.081938461	1	1	1.008016275	0.992812333	0	0	5.207786033	3.584219201	3.677289724	0	0.500207152	3.11732374	2.639710398
H2scaf12-aug790	0.8899901	0.282214337	0.280177671	0.313805429	1	1	0	0.992812333	0	0	5.207786033	0	0.919322431	0	0.248203083	1.531777116	2.625613448
H2scaf1-aug9410	0.896100187	0.282382756	0.28051677	0.314102057	1	1	1.008016275	0	0	0	5.207786033	0	0	0.952999189	0.252004069	1.540196306	2.611595309
H2scaf3203-aug26281	1.772427568	0.752293049	0.391054513	0.054385309	1	1	1.008016275	0	1.001460121	0	2.083114413	3.584219201	4.596612155	1.905998378	0.502369099	3.042486037	2.59843101
H2scaf72-aug15695	0.984515526	0.47222107	0.33996625	0.164825641	1	1	0	0	0	1.118635001	2.083114413	0.8960548	0.919322431	2.858997566	0.27965875	1.689372303	2.594747927
H2scaf146-aug22182	0.873141163	0.294518616	0.286335637	0.303677889	1	1	0	0	1.001460121	0	3.12467162	0	0	2.858997566	0.25036503	1.495917297	2.578925443
H2scaf119-aug20950	0.971886742	0.39496718	0.318899981	0.215519621	1	1	0	0	0	1.118635001	2.083114413	0.8960548	3.677289724	0	0.27965875	1.664114734	2.573015529
H2scaf1165-aug24991	0.962118131	0.481100696	0.34296301	0.160683283	1	1	0	0	0	1.118635001	1.041557207	1.792109601	1.838644862	1.905998378	0.27965875	1.644577512	2.55597763
H2scaf1244-aug25056	0.846754341	0.367355209	0.314171057	0.242289203	1	1	0	0.992812333	0	0	2.083114413	1.792109601	0	1.905998378	0.248203083	1.445305598	2.541781628
H2scaf48-aug11609	1.696196968	0.721992544	0.389746201	0.063958583	1	1	0	0.992812333	1.001460121	0	4.166228827	1.792109601	2.757967293	2.858997566	0.498568114	2.893825822	2.537115567
H2scaf27-aug6449	1.69914071	0.678685983	0.383600154	0.07685155	1	1	1.008016275	0	1.001460121	0	5.207786033	3.584219201	1.838644862	0.952999189	0.502369099	2.895912321	2.527198291
H2scaf991-aug24842	0.846792064	0.340985842	0.305282712	0.264015259	1	1	0	0	1.001460121	0	1.041557207	0	0.919322431	3.811996755	0.25036503	1.443219098	2.527185362
H2scaf2421-aug25678	0.839674016	0.403489019	0.326412818	0.216409856	1	1	0	0	1.001460121	0	1.041557207	0.8960548	0.919322431	2.858997566	0.25036503	1.428983001	2.512883781
H2scaf3649-aug26428	0.827045232	0.336014633	0.304488135	0.269793021	1	1	0	0	1.001460121	0	1.041557207	0.8960548	3.677289724	0	0.25036503	1.403725433	2.4871558
H2scaf57-aug13851	0.832332237	0.280978633	0.283033376	0.320836539	1	1	1.008016275	0	0	0	0	0	1.838644862	3.811996755	0.252004069	1.412660404	2.486895759
H2scaf15-aug629	0.830773205	0.268033116	0.277622929	0.334315755	1	1	1.008016275	0	0	0	1.041557207	0	4.596612155	0	0.252004069	1.40954234	2.483707882
H2scaf29-aug7647	0.823093528	0.279295021	0.282558022	0.322931369	1	1	0	0	1.001460121	0	0	0	3.677289724	1.905998378	0.25036503	1.395822025	2.479010029
H2scaf130-aug22162	1.588141821	0.631236079	0.379952522	0.09664214	1	1	0	0.992812333	1.001460121	0	5.207786033	1.792109601	2.757967293	0.952999189	0.498568114	2.677715529	2.42514018
H2scaf309-aug23802	0.880669975	0.35474789	0.312403931	0.256148153	1	1	0	0	0	1.118635001	3.12467162	0.8960548	0	1.905998378	0.27965875	1.481681199	2.405495693
H2scaf53-aug13582	0.764005044	0.243651036	0.27217514	0.370680479	1	1	0	0.992812333	0	0	4.166228827	0	0	0.952999189	0.248203083	1.279807004	2.366333324
H2scaf5479-aug27082	1.540989647	0.540403399	0.364073421	0.137722635	1	1	1.008016275	0	1.001460121	0	2.083114413	5.376328802	0	2.858997566	0.502369099	2.579610195	2.360333445
H2scaf37-aug8659	16.99018442	0.541058058	0.307722032	NA	NA	NA	1.008016275	0	0	1.118635001	1.041557207	129.927946	0.919322431	1.905998378	0.531662819	33.44870602	5.975295013
H2scaf7254-aug27525	32.1091208	0.428621934	0.283321061	NA	NA	NA	1.008016275	0	0	3.355905002	1.041557207	0.8960548	1.838644862	248.7327883	1.090980319	63.12726129	5.854566181
H2scaf6235-aug27288	44.04881966	0.520243418	0.304822709	NA	NA	NA	2.016032551	0.992812333	2.002920243	2.237270001	0	341.3968789	1.838644862	1.905998378	1.812258782	86.28538054	5.573255257
H2scaf426-aug24120	5.555901275	0.198214092	0.208326757	NA	NA	NA	0	0.992812333	0	0	41.66228827	1.792109601	0	0	0.248203083	10.86359947	5.451837347
H2scaf41-aug12260	4.389380384	0.193917199	0.207747732	NA	NA	NA	1.008016275	0	0	0	0	33.15402761	0	0.952999189	0.252004069	8.5267567	5.080478159
H2scaf1530-aug25244	9.033343273	0.437541726	0.289522405	NA	NA	NA	0	0	1.001460121	1.118635001	2.083114413	0	67.11053746	0.952999189	0.53002378	17.53666277	5.048173328
H2scaf4009-aug26518	8.323252901	0.175383053	0.198968735	NA	NA	NA	1.008016275	0	1.001460121	0	64.57654681	0	0	0	0.502369099	16.1441367	5.006118759
H2scaf2325-aug25635	8.79304521	0.453101784	0.293592639	NA	NA	NA	1.008016275	0	0	1.118635001	64.57654681	2.688164401	0	0.952999189	0.531662819	17.0544276	5.003490947
H2scaf2763-aug25934	12.30392201	0.562833404	0.317562851	NA	NA	NA	0	0.992812333	0	2.237270001	89.57391977	0.8960548	0.919322431	3.811996755	0.807520584	23.80032344	4.881338335
H2scaf7276-aug27556	6.549881962	0.993940528	0.378646232	NA	NA	NA	0	0.992812333	1.001460121	0	1.041557207	47.49090442	0.919322431	0.952999189	0.498568114	12.60119581	4.65962622
H2scaf450-aug24162	2.940000626	0.164326708	0.197031343	NA	NA	NA	0	0	0	1.118635001	0	22.40137001	0	0	0.27965875	5.600342502	4.323775685
H2scaf65-aug17263	5.269827221	0.860133309	0.369313942	NA	NA	NA	0	0.992812333	0	1.118635001	1.041557207	0	1.838644862	37.16696836	0.527861834	10.01179261	4.245396144
H2scaf4367-aug26607	2.553050756	0.160585867	0.196589043	NA	NA	NA	0	0	0	1.118635001	0	0	19.30577105	0	0.27965875	4.826442763	4.109220894
H2scaf6184-aug27263	6.003154515	0.161468866	0.198564077	NA	NA	NA	0	2.978437	0	0	0	0	45.04679912	0	0.74460925	11.26169978	3.918797248
H2scaf148-aug22241	2.165979178	0.617497926	0.341086082	NA	NA	NA	0	0	0	1.118635001	0	14.33687681	0.919322431	0.952999189	0.27965875	4.052299606	3.857001467
H2scaf7-aug2026	3.747171348	0.293632826	0.258407718	NA	NA	NA	1.008016275	0.992812333	0	0	27.08048737	0.8960548	0	0	0.500207152	6.994135543	3.805548164
H2scaf5579-aug27110	3.767259641	0.157734717	0.197686639	NA	NA	NA	2.016032551	0	0	0	28.12204458	0	0	0	0.504008138	7.030511145	3.80211065
H2scaf284-aug23726	5.426823527	0.278440341	0.253268673	NA	NA	NA	1.008016275	0	2.002920243	0	0	1.792109601	38.6115421	0	0.752734129	10.10091293	3.746201494
H2scaf520-aug24487	44.58061102	0.766914596	0.362220334	NA	NA	NA	3.024048826	7.942498667	5.007300607	8.949080005	6.24934324	4.480274002	4.596612155	316.3957307	6.230732026	82.93049002	3.734429042
H2scaf36-aug22033	9.705556442	1.123100275	0.400537035	NA	NA	NA	3.024048826	0.992812333	1.001460121	1.118635001	4.166228827	64.51594562	0.919322431	1.905998378	1.53423907	17.87687381	3.542499259
H2scaf91-aug20021	29.98704523	0.825828834	0.373890956	NA	NA	NA	6.048097652	3.971249334	4.005840485	5.593175003	6.24934324	3.584219201	4.596612155	205.8478248	4.904590618	55.06949984	3.489048879
H2scaf398-aug23969	5.860161089	0.393804185	0.296064869	NA	NA	NA	4.032065101	0	0	0	1.041557207	0.8960548	1.838644862	39.07296674	1.008016275	10.7123059	3.409678226
H2scaf11-aug6757	40.30499344	0.805956937	0.374922019	NA	NA	NA	7.056113927	11.913748	5.007300607	5.593175003	271.8464309	9.856602803	7.354579448	3.811996755	7.392584384	73.21740249	3.308035881
H2scaf23-aug6147	5.242024856	0.954610931	0.394102254	NA	NA	NA	2.016032551	0.992812333	1.001460121	0	1.041557207	0.8960548	32.17628508	3.811996755	1.002576251	9.481473462	3.241399312
H2scaf132-aug21563	38.5946944	0.837903543	0.382377202	NA	NA	NA	11.08817903	3.971249334	11.01606133	5.593175003	8.332457653	11.6487124	5.515934586	251.5917858	7.917166175	69.27222262	3.129220926
H2scaf790-aug24653	2.293005897	0.591186548	0.354194586	NA	NA	NA	0	0.992812333	0	1.118635001	1.041557207	0.8960548	0	14.29498783	0.527861834	4.05814996	2.942589915
H2scaf16-aug1731	15.03481542	1.33482275	0.414703543	NA	NA	NA	3.024048826	3.971249334	5.007300607	2.237270001	9.37401486	2.688164401	10.11254674	83.86392861	3.559967192	26.50966365	2.896582515
H2scaf7-aug2046	16.55930046	0.570320969	0.350735976	NA	NA	NA	2.016032551	3.971249334	7.010220849	3.355905002	111.4466211	0.8960548	0.919322431	2.858997566	4.088351934	29.03024898	2.827965648
H2scaf383-aug23946	1.929386807	0.369846333	0.305061029	NA	NA	NA	0	0.992812333	1.001460121	0	0	13.440822	0	0	0.498568114	3.360205501	2.752686945
H2scaf65-aug17218	7.814874706	0.868187256	0.396369427	NA	NA	NA	3.024048826	0.992812333	2.002920243	2.237270001	1.041557207	1.792109601	0.919322431	50.50895701	2.064262851	13.56548656	2.716242203
H2scaf2-aug5564	1.810538893	0.126479228	0.195279577	NA	NA	NA	0	1.985624667	0	0	12.49868648	0	0	0	0.496406167	3.12467162	2.654111638
H2scaf39-aug10476	1.828167219	0.341402398	0.302216749	NA	NA	NA	1.008016275	0	0	1.118635001	12.49868648	0	0	0	0.531662819	3.12467162	2.555121099
H2scaf264-aug23675	3.374414616	0.576565337	0.363145745	NA	NA	NA	0	2.978437	1.001460121	0	2.083114413	0	0.919322431	20.01298296	0.99497428	5.753854952	2.531797715
H2scaf1-aug9689	4.118547408	0.584597642	0.366598707	NA	NA	NA	1.008016275	1.985624667	1.001460121	1.118635001	0	26.88164401	0	0.952999189	1.278434016	6.9586608	2.444431984
H2scaf9-aug22921	19.06510953	0.786097256	0.398201162	NA	NA	NA	9.072146478	9.928123334	3.004380364	3.355905002	4.166228827	9.856602803	7.354579448	105.78291	6.340138794	31.79008026	2.32599033
