V2_Gene	baseMean	DESeq_log2FC	lfcSE	pvalue	adj_pvalue	IHW_pvalue	LBS6R1.1	LBS6R1.2	LBS6R1.3	LBS6R1.4	LBS4.4	LBS4.5	LBS4.6	LBS4.7	LBS6R1_Mean	LBS4_Mean	log2FC
H2scaf32-aug14735	3363.393722	-8.088051462	0.163666232	0	0	0	6512.793155	7307.098774	6471.435304	6539.54	21.87270134	23.29742481	9.19322431	21.91898134	6707.716862	19.07058295	-8.458329038
H2scaf59-aug14218	2517.925903	-6.077572765	0.128054438	0	0	0	4987.66453	5507.130013	4887.125392	4498.031338	56.24408916	80.64493203	56.99799072	69.56894078	4969.987818	65.86398817	-6.237608633
H2scaf22-aug5901	3471.952668	-4.688060119	0.094032653	0	0	0	7121.634985	6396.689864	6486.457206	6776.690834	233.3088143	249.1032345	286.8285985	224.9078086	6695.368222	248.537114	-4.751630191
H2scaf46-aug11286	851.9534931	-5.354824908	0.143815209	1.92e-303	9.83e-300	1.81e-303	1691.45131	1788.055012	1618.359556	1573.919446	33.32983061	45.69879482	25.74102807	39.07296674	1667.946331	35.96065506	-5.535509757
H2scaf2208-aug25591	1251.776552	-7.809168311	0.213497024	6.54e-293	2.48e-289	5.72e-293	2413.190963	2633.93112	2427.539334	2513.572846	2.083114413	8.064493203	10.11254674	5.717995133	2497.058566	6.494537372	-8.586787182
H2scaf10-aug11725	1222.189611	-7.869279822	0.224791001	1.75e-268	4.16e-265	1.54e-268	2291.220994	2436.361466	2742.999272	2284.252671	4.166228827	5.376328802	5.515934586	7.62399351	2438.708601	5.670621431	-8.748394821
H2scaf117-aug20790	7355.282649	-3.765764284	0.108616175	2.2e-263	4.44e-260	1.84e-263	13253.39799	16216.59665	12797.65889	12714.40542	1107.175311	954.2983623	899.0973375	899.6312342	13745.51474	965.0505612	-3.832212593
H2scaf32-aug14803	674.7480205	-4.447907235	0.13299457	3.12e-245	5.47e-242	2.78e-245	1310.421158	1399.86539	1287.877716	1182.397196	47.91163151	65.41200042	45.96612155	58.13295052	1295.140365	54.355676	-4.574533959
H2scaf110-aug21040	742.9691447	-6.090857796	0.1831499	1.66e-242	2.68e-239	1.48e-242	1596.69778	1593.463795	1321.92736	1364.734701	13.54024369	23.29742481	11.03186917	19.05998378	1469.205909	16.73238036	-6.456250095
H2scaf32-aug14775	838.1513676	-7.444310374	0.229908964	5.36e-230	7.39e-227	4.77e-230	1757.980384	1669.910345	1511.203323	1745.070601	5.207786033	3.584219201	3.677289724	8.576992699	1671.041163	5.261571914	-8.311037682
H2scaf1197-aug25017	504.9044259	-5.672759486	0.178273773	3.37e-222	4.96e-219	3.66e-222	967.6956243	1012.66858	1003.463042	992.2292456	22.91425855	18.81715081	12.87051403	8.576992699	994.0141229	15.79472902	-5.975751258
H2scaf16-aug1563	8237.325835	-2.851756454	0.092892947	5.8e-207	6.6e-204	5.48e-207	14186.82106	12830.11378	14545.2068	16496.51035	1957.085991	2107.52089	1937.012362	1838.335435	14514.663	1959.98867	-2.888593856
H2scaf51-aug12660	3381.598273	-4.867348644	0.162907785	3.81e-196	3.05e-193	2.67e-196	6316.229981	7151.227237	6414.352077	6389.643124	249.9737296	241.9347961	137.8983646	151.526871	6567.863105	195.3334403	-5.071413198
H2scaf83-aug18579	1209.332309	-3.30421215	0.113154811	1.89e-187	1.85e-184	1.79e-187	2228.723985	1938.962487	2084.038512	2569.504596	202.0620981	231.1821385	210.5248367	209.6598215	2205.307395	213.3572237	-3.369636903
H2scaf10-aug11724	509.2677247	-3.039993181	0.11274092	3.87e-160	2.96e-157	3.68e-160	884.0302734	925.3010947	927.3520723	912.8061605	90.61547698	126.3437268	105.7220796	101.9709132	912.3724003	106.1630491	-3.103341092
H2scaf31-aug8910	892.9693574	-2.79443849	0.104322745	4.64e-158	3.2e-155	4.14e-158	1549.321015	1684.80253	1397.036869	1636.563006	230.1841427	200.7162753	205.9282245	239.2027964	1566.930855	219.0078597	-2.838886967
H2scaf7-aug2056	1839.790315	-3.765012252	0.144726707	3.38e-149	2.08e-146	3.16e-149	4309.269577	2674.636426	3116.543898	3687.020962	206.2283269	241.9347961	247.2977339	235.3907996	3446.867716	232.7129141	-3.888662753
H2scaf124-aug21104	1655.703747	-2.464717923	0.095743483	3.87e-146	2.26e-143	3.66e-146	2988.768256	2761.011099	2776.047456	2729.469402	421.8306687	484.765647	541.4809119	542.2565384	2813.824053	497.5834415	-2.499521739
H2scaf47-aug13870	351.1682202	-4.560617861	0.180589498	1.02e-140	5.63e-138	9.62e-141	681.4190021	714.82488	658.9607598	657.7573804	21.87270134	35.84219201	11.03186917	27.63697648	678.2405056	24.09593475	-4.814935273
H2scaf27-aug6573	315.9473952	-4.287453278	0.172075962	4.99e-137	2.61e-134	4.69e-137	573.5612606	698.9398827	628.9169562	519.0466403	26.03893017	29.56980841	24.82170564	26.68397729	605.116185	26.77860537	-4.49805944
H2scaf60-aug26132	305.6228145	-4.098483435	0.16548526	2.06e-135	1.06e-132	1.96e-135	536.2646585	589.730526	530.7738643	668.9437304	24.99737296	28.67375361	30.33764022	35.26096999	581.4281948	29.81743419	-4.285373009
H2scaf110-aug21086	1010.565954	-3.613125047	0.146830481	1.05e-133	4.73e-131	9.38e-134	1994.864209	2067.035278	1745.544991	1713.748821	98.94793463	179.2109601	149.8495563	135.3258848	1880.298325	140.8335839	-3.738898263
H2scaf110-aug21084	1470.895508	-3.387207028	0.140061493	3.3e-129	1.45e-126	2.94e-129	2913.167036	2908.940137	2546.713089	2437.505666	222.8932422	320.7876185	215.1214489	202.035828	2701.581482	240.2095344	-3.491438875
H2scaf132-aug21542	2743.517047	-3.414856161	0.142330415	3.33e-127	1.5e-124	3.12e-127	5919.071569	3928.558403	4615.729699	5727.411203	458.2851709	493.726195	440.3554444	364.9986893	5047.692719	439.3413749	-3.522209811
H2scaf67-aug16945	1603.35184	-2.74394891	0.116212979	2.94e-123	1.86e-120	4.02e-123	2784.140952	2379.771163	2896.222671	3156.787972	367.6696939	360.2140297	455.0646033	426.9436366	2804.23069	402.4729909	-2.800641162
H2scaf74-aug17163	2084.521394	-2.785498503	0.118459689	2.91e-122	1.08e-119	2.44e-122	3788.125163	4213.495543	3527.142547	3109.805302	497.8643448	564.5145242	433.9201874	541.3035392	3659.642139	509.4006489	-2.844829878
H2scaf83-aug18578	400.3588772	-3.233185061	0.139172151	2.19e-119	1.01e-116	2.38e-119	709.6434578	681.0692607	672.9812015	849.0439655	81.24146212	59.13961682	74.46511691	75.28693591	728.1844714	72.53328294	-3.327588922
H2scaf126-aug21349	618.0729428	-3.112176684	0.134446119	1.52e-118	6.75e-116	1.65e-118	999.9521451	1031.532014	1152.6806	1275.243901	126.028422	141.5766584	122.2698833	95.29991888	1114.852165	121.2937207	-3.200275645
H2scaf48-aug11578	243.9200306	-4.110276065	0.178960153	9.84e-117	3.75e-114	9.35e-117	447.5592262	424.9236787	445.649754	540.3007053	29.16360179	19.71320561	20.22509348	23.82497972	464.6083411	23.23172015	-4.32184717
H2scaf32-aug14637	806.1313431	-3.295627962	0.143717157	2.26e-116	8.3e-114	2.11e-116	1401.142623	1665.939095	1583.308452	1240.566216	166.6491531	155.0174805	127.7858179	108.6419075	1472.739096	139.5235897	-3.399920903
H2scaf44-aug26936	305.3340477	-3.925814275	0.175316238	4.63e-111	1.65e-108	4.41e-111	612.8738954	611.5723974	487.7110791	597.3510903	46.8700743	35.84219201	27.57967293	22.87198053	577.3771155	33.29097994	-4.116310684
H2scaf16-aug1357	213.9737652	-4.51224469	0.206336915	5.2e-106	1.78e-103	5.08e-106	378.0061032	382.2327484	409.5971896	484.3689553	17.70647251	12.5447672	8.273901879	19.05998378	413.5512491	14.39628134	-4.844298019
H2scaf26-aug18210	1353.156775	-4.013026222	0.187443883	1.1e-101	3.25e-99	9.59e-102	3653.050982	1889.32187	2079.031212	2661.232667	137.4855513	158.6016997	112.1573366	134.3728856	2570.659183	135.6543683	-4.24413094
H2scaf47-aug13869	303.5313563	-5.402533488	0.254963121	1.19e-99	3.73e-97	1.13e-99	529.2085445	564.9102177	448.6541344	851.2812355	10.41557207	9.856602803	10.11254674	3.811996755	598.513533	8.549179592	-6.129454077
H2scaf27-aug6430	330.4514329	-2.677485165	0.126910815	8.41e-99	2.52e-96	7.91e-99	581.6253908	539.097097	603.8804532	574.9783903	102.0726063	90.50153483	79.9810515	71.47493916	574.8953328	86.00753293	-2.74076439
H2scaf35-aug19710	340.9561915	-3.688153815	0.175977647	1.58e-97	4.74e-95	1.51e-97	610.8578628	548.032408	586.8556311	807.6544705	52.07786033	46.59484962	44.12747669	31.44897323	638.3500931	43.56228997	-3.873196164
H2scaf76-aug17324	580.7132862	-2.795422037	0.138637098	2.04e-90	5.83e-88	1.94e-90	930.3990221	886.5814137	1020.487864	1252.871201	118.7375216	142.4727132	138.8176871	155.3388678	1022.584875	138.8416974	-2.880707779
H2scaf116-aug21495	254.6433503	-2.79083176	0.142658926	3.2e-85	8.26e-83	3.01e-85	397.1584125	444.7799254	488.7125392	463.1148903	58.32720357	60.93172642	71.70714962	52.41495538	448.4414418	60.84525875	-2.881702855
H2scaf138-aug21777	151.0019663	-3.923794688	0.203909417	1.62e-82	4.03e-80	1.53e-82	306.4369477	287.9155767	280.408834	270.7096702	23.95581575	12.5447672	17.46712619	8.576992699	286.3677571	15.63617546	-4.194909481
H2scaf73-aug16918	127.1998584	-4.59767986	0.246263204	8.72e-78	2.33e-75	9.8e-78	243.9399386	238.27496	230.3358279	277.4214802	5.207786033	4.480274002	4.596612155	13.34198864	247.4930517	6.906665208	-5.16325492
H2scaf1-aug9980	615.211549	-3.005432325	0.161823427	5.39e-77	1.18e-74	5.07e-77	1175.346977	1300.584157	1019.486404	921.7552405	134.3608797	163.0819737	96.52885525	110.5479059	1104.293194	126.1299036	-3.130141001
H2scaf509-aug24320	264.3568949	-2.760758896	0.150229197	2.01e-75	4.39e-73	1.9e-75	435.4630309	414.002743	444.6482939	564.9106753	59.36876078	67.20411002	61.59460288	67.6629424	464.7561858	63.95760402	-2.861286268
H2scaf43-aug10971	464.7811264	-2.460714375	0.134881572	2.33e-74	5.66e-72	2.53e-74	894.1104362	690.997384	683.9972629	900.5011755	132.2777652	136.2003296	130.5437852	149.6208726	792.4015646	137.1606882	-2.530364681
H2scaf2073-aug25537	333.819416	-2.738361605	0.15256054	4.86e-72	9.43e-70	4.57e-72	693.5151974	609.5867727	516.7534226	523.5211803	73.95056167	99.46208283	68.94918232	84.8169278	585.8441432	81.79468866	-2.840437834
H2scaf68-aug15346	117.2037772	-5.716136675	0.335798844	5.59e-65	9.74e-63	5.31e-65	261.0762153	298.8365123	220.3212267	155.4902651	0	0	0	1.905998378	233.9310549	0.476499594	-8.939392694
H2scaf1-aug9916	7035.517522	-5.494587803	0.323844137	1.45e-64	2.54e-62	1.4e-64	18997.07472	12489.57915	5449.94598	18869.13519	137.4855513	115.5910692	118.5925936	106.7359091	13951.43376	119.6012808	-6.866036743
H2scaf56-aug13630	1004.630635	-2.998811713	0.17777253	7.63e-64	1.23e-61	6.81e-64	2134.978471	2240.777436	1700.479286	1147.719511	201.0205409	196.2360013	225.2339956	190.5998378	1805.988676	203.2725939	-3.151301224
H2scaf25-aug4952	176.6044067	-2.869551858	0.17082567	2.52e-63	4.26e-61	2.38e-63	347.765615	357.41244	280.408834	270.7096702	37.49605944	35.84219201	44.12747669	39.07296674	314.0741398	39.13467372	-3.004585838
H2scaf9-aug22924	171.7135984	-2.8429908	0.170513636	2.06e-62	2.45e-60	1.39e-62	350.7896638	265.080893	306.4467971	296.4382752	36.45450223	30.46586321	42.28883183	45.74396106	304.6889073	38.73828958	-2.975504816
H2scaf10-aug12047	84.8725108	-4.260443235	0.265531021	6.2e-58	6.38e-56	3.83e-58	165.3146691	181.684657	152.2219384	157.7275351	7.290900447	2.688164401	9.19322431	2.858997566	164.2371999	5.507821681	-4.898155274
H2scaf6-aug3119	92.31074244	-4.507613736	0.28837696	4.48e-55	6.81e-53	4.21e-55	148.1783925	142.964976	212.3095457	218.1338251	3.12467162	4.480274002	6.435257017	2.858997566	180.3966848	4.224800051	-5.416145952
H2scaf22-aug6053	309.1420432	-2.870982943	0.185497211	4.94e-54	7.45e-52	4.71e-54	661.2586766	484.4924187	407.5942694	649.9269354	86.44924815	63.61989082	59.75595801	60.03894889	550.818075	67.46601147	-3.029343123
H2scaf113-aug21225	6888.195355	-2.335327615	0.151092757	6.85e-54	1.04e-51	6.6e-54	12791.72653	8292.961421	10869.84816	14467.30646	2437.243864	2256.265987	1925.06117	2065.149242	11605.46064	2170.930066	-2.41841863
H2scaf1-aug9415	154.9160343	-2.520465095	0.163729365	1.79e-53	1.88e-51	1.21e-53	282.2445571	242.2462093	246.3591898	296.4382752	36.45450223	41.21852081	51.48205614	42.8849635	266.8220579	43.01001067	-2.633133543
H2scaf11-aug7017	6539.446503	-4.188342161	0.2729103	3.71e-53	6.02e-51	3.97e-53	16078.86761	12555.10477	6143.957844	15710.10995	460.3682853	462.364277	509.3046268	395.4946634	12622.01004	456.8829631	-4.78797322
H2scaf1371-aug25147	66.63377438	-4.80113063	0.314949181	1.8e-52	1.74e-50	1.15e-52	129.0260832	146.9362253	126.1839753	124.1684851	3.12467162	1.792109601	1.838644862	0	131.5786922	1.688856521	-6.283735302
H2scaf67-aug16994	93.37879045	-3.52944487	0.23191644	2.66e-52	3.74e-50	2.5e-52	169.3467343	142.964976	179.2613617	208.0661101	10.41557207	11.6487124	11.03186917	14.29498783	174.9097955	11.84778537	-3.883921772
H2scaf45-aug14515	3407.49146	-4.589089927	0.304604719	2.72e-51	3.69e-49	2.54e-51	8762.685481	6158.414904	3042.435849	8707.454845	174.9816107	141.5766584	160.8814254	111.5009051	6667.74777	147.2351499	-5.501005494
H2scaf12-aug1072	1172.56439	-2.803217808	0.187819573	2.26e-50	2.8e-48	1.98e-50	2099.697901	2755.054225	2116.085236	1343.480636	333.2983061	216.8452617	273.038762	243.0147931	2078.5795	266.5492807	-2.963123734
H2scaf38-aug12936	193.7960892	-3.240179557	0.218581929	1.03e-49	1.38e-47	9.78e-50	311.4770291	273.0233917	380.5548461	459.7589853	44.78695989	34.94613721	23.90238321	21.91898134	356.203563	31.38861541	-3.504388651
H2scaf43-aug10972	141.4009666	-2.682366159	0.180884356	9.49e-50	1.47e-47	1.06e-49	257.0441502	197.5696543	260.3796315	276.3028452	39.57917385	34.05008241	37.69221967	28.58997566	247.8240703	34.9778629	-2.824802268
H2scaf2400-aug25668	70.74447326	-3.997926569	0.270988343	2.94e-49	2.5e-47	1.81e-49	146.1623599	142.964976	118.1722943	136.4734701	9.37401486	6.272383602	3.677289724	2.858997566	135.9432751	5.545671438	-4.615498831
H2scaf31-aug8770	76.42487733	-3.581164821	0.243766372	7.37e-49	6.43e-47	4.72e-49	136.0821972	139.986539	161.2350795	137.5921051	13.54024369	9.856602803	6.435257017	6.670994322	143.7239802	9.125774457	-3.977209986
H2scaf6-aug3464	88.84715579	-3.667333889	0.250901267	2.2e-48	2.11e-46	1.57e-48	151.2024413	205.512153	180.2628218	135.3548351	7.290900447	14.33687681	9.19322431	7.62399351	168.0830628	9.611248768	-4.128306657
H2scaf120-aug20874	159.6759899	-3.360935824	0.229861947	2.05e-48	2.67e-46	2e-48	229.8277108	299.8293247	359.5241836	295.3196402	30.20515899	27.77769881	9.19322431	25.7309781	296.1252148	23.22676505	-3.6723472
H2scaf5-aug4749	115.0276169	-3.091071444	0.212073041	4.02e-48	5e-46	3.78e-48	181.4429296	209.4834023	236.3445886	209.1847451	30.20515899	20.60926041	11.03186917	21.91898134	209.1139164	20.94131748	-3.319864961
H2scaf6-aug3036	62.95337961	-4.665330744	0.322499055	1.98e-47	1.6e-45	1.22e-47	130.0340995	96.30279634	124.181055	146.5411851	1.041557207	0.8960548	3.677289724	0.952999189	124.264784	1.64197523	-6.241841328
H2scaf4-aug15928	522.3401659	-2.239235187	0.155302776	3.96e-47	5.41e-45	4.24e-47	1065.473203	881.617352	886.2922074	649.9269354	145.8180089	168.4583025	183.8644862	197.2708321	870.8274244	173.8529074	-2.324519648
H2scaf11-aug7016	4065.526958	-4.045450506	0.28454794	7.18e-46	9.51e-44	7.68e-46	10167.86017	7400.423133	3752.471075	9995.003731	346.8385498	250.8953441	316.2469163	294.4767493	7828.939527	302.1143899	-4.695650093
H2scaf10-aug11726	60.39186026	-3.977659477	0.280724714	1.42e-45	1.29e-43	1.06e-45	114.9138554	108.2165443	130.1898158	111.8635001	4.166228827	5.376328802	4.596612155	3.811996755	116.2959289	4.487791635	-4.69565109
H2scaf16-aug1316	159.2447599	-2.273870374	0.160494972	1.45e-45	1.69e-43	1.41e-45	269.1403455	252.1743327	254.3708708	290.8451002	66.65966123	50.17906882	50.5627337	40.02596593	266.6326623	51.85685742	-2.362246835
H2scaf49-aug12632	225.3004715	-2.550468148	0.185134366	3.54e-43	3.83e-41	3.34e-43	467.7195517	282.951515	374.5460854	436.2676502	53.11941754	74.37254843	51.48205614	61.94494727	390.3712006	60.22974234	-2.696298631
H2scaf59-aug14235	61.99279822	-4.133524779	0.302334216	1.49e-42	1.19e-40	1.06e-42	106.8497252	152.8930993	129.1883557	92.84670505	3.12467162	3.584219201	4.596612155	2.858997566	120.4444713	3.541125136	-5.088016535
H2scaf68-aug15319	76.4947405	-3.053156048	0.226865057	2.76e-41	1.83e-39	1.71e-41	158.2585552	134.029665	120.1752146	144.3039151	14.58180089	10.7526576	17.46712619	12.38898945	139.1918375	13.79764354	-3.334580812
H2scaf64-aug14910	419.3643435	-2.839150739	0.212346095	9.01e-41	1.02e-38	9.79e-41	861.8539154	740.6380007	675.9855819	717.0450354	77.07523329	150.5372065	70.78782719	60.99194808	748.8806333	89.84805375	-3.059176623
H2scaf6-aug3513	161.8574451	-2.965370923	0.22484004	1.02e-39	9.73e-38	9.61e-40	298.3728175	194.5912173	295.4307358	381.4545352	38.53761665	36.73824681	21.14441591	28.58997566	292.4623265	31.25256376	-3.226204347
H2scaf32-aug14750	522.4766667	-2.513904645	0.191260248	1.84e-39	1.98e-37	1.98e-39	1135.026326	1058.337947	579.8454102	836.7389805	173.9400535	137.0963844	140.6563319	118.1718994	902.487166	142.4661673	-2.663287065
H2scaf71-aug15793	2708.29256	-4.336581379	0.33322786	1.02e-38	9.5e-37	9.65e-39	7155.907538	5118.940391	1957.854537	6965.740149	136.4439941	106.6305212	132.3824301	92.44092131	5299.610654	116.9744667	-5.501620817
H2scaf49-aug12509	65.58214499	-3.248200942	0.251590196	3.92e-38	2.7e-36	2.8e-38	137.0902134	129.0656033	120.1752146	99.55851506	10.41557207	13.440822	9.19322431	5.717995133	121.4723866	9.691903378	-3.647704562
H2scaf95-aug19204	99.64475437	-2.678670632	0.208456169	8.6e-38	8.98e-36	9.66e-38	200.5952388	150.9074747	157.229239	193.5238551	16.66491531	31.36191801	21.14441591	25.7309781	175.5639519	23.72555683	-2.887482798
H2scaf68-aug15347	45.73211871	-4.364147502	0.342030072	2.76e-37	1.9e-35	2.06e-37	96.76956243	107.223732	91.13287104	65.99946504	0	0	0.919322431	3.811996755	90.28140763	1.182829797	-6.254114516
H2scaf18-aug3729	64.85337629	-3.230110988	0.253687034	3.89e-37	2.21e-35	2.41e-37	139.106246	125.094354	101.1474723	115.2194051	4.166228827	12.5447672	10.11254674	11.43599027	120.1418693	9.564883259	-3.650847846
H2scaf31-aug8911	58.82943898	-3.195107027	0.254120503	2.96e-36	1.84e-34	2.12e-36	120.961953	107.223732	106.1547729	100.6771501	4.166228827	8.064493203	11.9511916	11.43599027	108.754402	8.904475974	-3.610399275
H2scaf68-aug15316	88.73770295	-3.079778219	0.24732638	1.36e-35	8.34e-34	9.7e-36	195.5551574	172.749346	143.2087973	138.7107401	7.290900447	16.12898641	24.82170564	11.43599027	162.5560102	14.91939569	-3.445675893
H2scaf30-aug10828	50.63871055	-3.549886597	0.287163815	4.2e-35	2.13e-33	2.53e-35	77.6172532	102.2596703	107.156233	97.32124506	3.12467162	5.376328802	3.677289724	8.576992699	96.08860039	5.188820711	-4.210886692
H2scaf32-aug14780	36.40642436	-4.303885965	0.352193327	2.42e-34	1.37e-32	1.7e-34	77.6172532	81.41061134	70.10220849	59.28765503	1.041557207	1.792109601	0	0	72.10443202	0.708416702	-6.669345904
H2scaf6-aug3512	147.5325599	-2.712339607	0.222244639	2.95e-34	2.62e-32	3.31e-34	272.1643943	179.6990323	271.3956929	321.0482452	46.8700743	38.53035641	24.82170564	25.7309781	261.0768412	33.98827861	-2.941365288
H2scaf117-aug20793	54.80321479	-3.275263145	0.275706063	1.51e-32	7.98e-31	1.08e-32	89.7134485	104.245295	124.181055	90.60943505	8.332457653	2.688164401	11.03186917	7.62399351	102.1873084	7.419121184	-3.78382391
H2scaf6-aug3502	36.24552564	-3.890705796	0.331531421	8.38e-32	4.57e-30	6.25e-32	73.5851881	72.47530034	71.10366861	64.88083004	5.207786033	1.792109601	0.919322431	0	70.51124677	1.979804516	-5.154423498
H2scaf71-aug15794	1645.849419	-3.921764611	0.34287672	2.71e-30	1.74e-28	2.56e-30	4464.504083	3006.235745	1107.614894	4211.660777	98.94793463	92.29364443	112.1573366	73.38093754	3197.503875	94.1949633	-5.085152378
H2scaf18-aug3727	49.8631605	-3.124288257	0.274681054	5.62e-30	2.69e-28	4.01e-30	86.68939968	96.30279634	82.11972995	104.0330551	4.166228827	13.440822	6.435257017	5.717995133	92.28624526	7.440075745	-3.632726424
H2scaf45-aug14628	3002.984206	-4.097825011	0.359572574	4.36e-30	2.76e-28	4.12e-30	8077.234414	5225.171311	2288.336377	7946.783045	172.8984963	152.3293161	76.30376177	84.8169278	5884.381287	121.5871255	-5.596828352
H2scaf15-aug459	54.12626142	-2.918741769	0.257821535	1.04e-29	4.39e-28	6.63e-30	98.78559498	79.42498667	107.156233	107.3889601	11.45712927	5.376328802	11.03186917	12.38898945	98.18894367	10.06357918	-3.286417083
H2scaf16-aug1388	81.09750692	-2.236972857	0.202010974	1.69e-28	6.82e-27	1.08e-28	130.0340995	155.8715363	123.1795949	135.3548351	30.20515899	18.81715081	24.82170564	30.49597404	136.1100165	26.08499737	-2.383481047
H2scaf30-aug10772	70.25305532	-2.340554021	0.216220357	2.62e-27	9.88e-26	1.62e-27	128.018067	98.288421	117.1708342	135.3548351	23.95581575	17.02504121	18.38644862	23.82497972	119.7080393	20.79807132	-2.52499839
H2scaf8-aug2674	49.89008228	-2.823207425	0.264300117	1.24e-26	4.36e-25	7.45e-27	102.8176601	70.48967567	84.12265019	102.9144201	7.290900447	8.064493203	11.03186917	12.38898945	90.0861015	9.694063069	-3.21613117
H2scaf48-aug11636	58.2979352	-2.530998417	0.237432537	1.57e-26	5.83e-25	1e-26	101.8096438	86.374673	94.1372514	125.2871201	14.58180089	14.33687681	17.46712619	12.38898945	101.9021721	14.69369834	-2.793915337
H2scaf39-aug10405	61.49165003	-2.88258188	0.270337881	1.52e-26	6.28e-25	1.08e-26	140.1142623	100.2740457	100.1460121	106.2703251	11.45712927	19.71320561	9.19322431	4.764995944	111.7011613	11.28213878	-3.307531691
H2scaf32-aug14779	23.44641762	-3.958741224	0.374209979	3.73e-26	1.72e-24	3e-26	46.36874866	45.66936734	42.0613251	52.57584503	0	0.8960548	0	0	46.66882153	0.2240137	-7.702728261
H2scaf43-aug10976	49.02703606	-3.207497425	0.305564536	8.92e-26	3.51e-24	6.2e-26	113.9058391	53.611866	88.12849068	111.8635001	7.290900447	7.168438403	6.435257017	3.811996755	91.87742396	6.176648155	-3.89481435
H2scaf52-aug13130	40.60531521	-3.058136077	0.2963554	5.77e-25	2.19e-23	4.01e-25	72.57717182	76.44654967	61.0890674	90.60943505	10.41557207	7.168438403	3.677289724	2.858997566	75.18055599	6.03007444	-3.640111868
H2scaf120-aug20880	33.75773432	-3.381562212	0.329012629	8.86e-25	3.38e-23	6.22e-25	76.60923692	48.64780434	55.08030667	77.18581504	4.166228827	2.688164401	0.919322431	4.764995944	64.38079074	3.134677901	-4.360241183
H2scaf72-aug15631	61.7295486	-2.168431923	0.211866014	1.38e-24	5.57e-23	1.03e-24	100.8016275	111.1949813	107.156233	92.84670505	21.87270134	17.92109601	22.98306077	19.05998378	102.9998867	20.45921047	-2.331820373
H2scaf76-aug17352	40.48790913	-2.924632768	0.286952185	2.15e-24	8.27e-23	1.54e-24	65.52105789	73.46811267	75.1095091	82.77899005	4.166228827	12.5447672	4.596612155	5.717995133	74.21941743	6.75640083	-3.457469852
H2scaf63-aug15031	34.49798882	-3.433928874	0.337757153	2.79e-24	1.06e-22	1.99e-24	62.49700907	89.35311	56.08176679	57.05038503	1.041557207	7.168438403	1.838644862	0.952999189	66.24556772	2.750409915	-4.590105376
H2scaf100-aug19301	53.36718793	-2.699074249	0.267502869	6.12e-24	2.26e-22	4.37e-24	129.0260832	86.374673	86.12557043	80.54172005	6.24934324	15.23293161	11.9511916	11.43599027	95.51701168	11.21736418	-3.090023986
H2scaf16-aug1460	60.17506348	-2.358816718	0.234220803	7.43e-24	2.36e-22	4.58e-24	101.8096438	82.40342367	101.1474723	127.5243901	16.66491531	14.33687681	16.54780376	20.96598215	103.2212325	17.12889451	-2.591235813
H2scaf76-aug17385	71.60365997	-2.57228654	0.255614131	8.04e-24	2.55e-22	4.97e-24	164.3066529	133.0368527	121.1766747	86.13489505	12.49868648	12.5447672	19.30577105	23.82497972	126.1637688	17.04355111	-2.887999798
H2scaf29-aug7688	43.78111543	-3.00122779	0.299695398	1.32e-23	4.69e-22	9.25e-24	80.64130202	115.1662307	67.09782813	60.40629003	9.37401486	5.376328802	5.515934586	6.670994322	80.82791271	6.734318142	-3.585249809
H2scaf10-aug11752	46.08092029	-2.399613758	0.242976204	5.29e-23	1.83e-21	3.71e-23	84.67336713	75.45373734	83.12119007	74.94854504	12.49868648	10.7526576	11.9511916	15.24798702	79.54920989	12.61263068	-2.656978384
H2scaf68-aug15318	79.77114692	-2.40209002	0.243620236	6.21e-23	1.89e-21	3.83e-23	187.4910272	107.223732	137.2000366	118.5753101	32.28827341	17.02504121	19.30577105	19.05998378	137.6225265	21.91976736	-2.650412242
H2scaf6-aug3171	66.20257245	-2.272383399	0.230705915	6.88e-23	2.16e-21	4.4e-23	90.72146478	106.2309197	132.192736	120.8125801	13.54024369	25.98558921	22.98306077	17.1539854	112.4894251	19.91571977	-2.497809858
H2scaf6-aug3120	21.36222169	-3.766951483	0.380892563	4.61e-23	2.27e-21	4.63e-23	39.31263474	43.68374267	32.04672388	54.81311503	1.041557207	0	0	0	42.46405408	0.260389302	-7.349428128
H2scaf56-aug13714	393.5272836	-2.257519138	0.233291672	3.78e-22	1.69e-20	3.6e-22	877.9821758	672.1339497	484.7066987	633.1474104	113.5297355	196.2360013	80.90037393	89.58192375	666.9925586	120.0620086	-2.473890957
H2scaf18-aug3645	23.27598872	-3.37455746	0.351024658	7.02e-22	2.67e-20	5.82e-22	44.35271611	41.698118	41.05986497	52.57584503	1.041557207	2.688164401	1.838644862	0.952999189	44.92163603	1.630341415	-4.784164451
H2scaf16-aug1487	56.5176717	-2.319694737	0.242946873	1.32e-21	4.45e-20	9.85e-22	106.8497252	108.2165443	77.11242934	95.08397505	9.37401486	15.23293161	19.30577105	20.96598215	96.81566848	16.21967492	-2.577495645
H2scaf76-aug17384	80.80364481	-2.695944353	0.286451054	4.89e-21	1.38e-19	3.13e-21	169.3467343	167.7852843	171.2496807	72.71127504	7.290900447	19.71320561	20.22509348	18.10698459	145.2732436	16.33404603	-3.152814909
H2scaf124-aug21135	37.65433691	-2.747531756	0.293758012	8.52e-21	2.75e-19	6.35e-21	57.45692769	79.42498667	83.12119007	52.57584503	7.290900447	4.480274002	7.354579448	9.529991888	68.14473737	7.163936446	-3.249777802
H2scaf139-aug21750	31.20100446	-2.870770549	0.31332588	5.08e-20	1.47e-18	3.53e-20	57.45692769	70.48967567	45.06570546	57.05038503	2.083114413	5.376328802	8.273901879	3.811996755	57.51567346	4.886335462	-3.557130337
H2scaf27-aug6484	2958.187578	-2.760746175	0.304543072	1.24e-19	3.55e-18	8.72e-20	7568.186195	4700.966399	2313.37288	6895.266144	544.7344191	562.7224146	506.5466595	573.7055117	5369.447904	546.9272512	-3.295352903
H2scaf37-aug8576	43.43380489	-2.371089569	0.263294572	2.15e-19	6.04e-18	1.51e-19	63.50502534	74.460925	72.10512874	90.60943505	14.58180089	14.33687681	6.435257017	11.43599027	75.17012853	11.69748125	-2.683961555
H2scaf14-aug225	25.75207824	-3.031053212	0.336767412	2.25e-19	7.41e-18	1.87e-19	47.37676494	59.56874	52.07592631	34.67768502	2.083114413	1.792109601	3.677289724	4.764995944	48.42477907	3.07937742	-3.975034861
H2scaf24-aug7238	33.66030624	-3.068316117	0.343631199	4.3e-19	1.17e-17	2.99e-19	106.8497252	52.61905367	50.07300607	44.74540003	2.083114413	3.584219201	5.515934586	3.811996755	63.57179624	3.748816239	-4.083879839
H2scaf64-aug14911	71.08437325	-2.117832777	0.239299204	8.74e-19	2.49e-17	6.52e-19	116.9298879	111.1949813	111.1620735	135.3548351	29.16360179	34.94613721	15.62848133	14.29498783	118.6604445	23.50830204	-2.335596847
H2scaf11-aug7107	43.25531146	-2.144687664	0.251921469	1.69e-17	4.33e-16	1.21e-17	74.59320437	62.547177	73.10658886	80.54172005	16.66491531	12.5447672	17.46712619	8.576992699	72.69717257	13.81345035	-2.39582553
H2scaf12-aug894	137.5032271	-3.201210143	0.37563096	1.57e-17	5.28e-16	1.48e-17	386.0702334	347.4843167	180.2628218	144.3039151	6.24934324	20.60926041	5.515934586	9.529991888	264.5303218	10.47613253	-4.658254979
H2scaf20-aug7952	17.44971013	-3.07274756	0.364756501	3.64e-17	1.07e-15	3.05e-17	29.23247198	34.74843167	34.04964412	35.79632002	2.083114413	0.8960548	1.838644862	0.952999189	33.45671695	1.442703316	-4.53544933
H2scaf62-aug14397	27.29526774	-2.655813929	0.321851308	1.56e-16	4.38e-15	1.3e-16	41.32866729	66.51842634	37.05402449	53.69448003	4.166228827	6.272383602	5.515934586	3.811996755	49.64889954	4.941635942	-3.328701107
H2scaf8-aug2940	29.59044468	-2.580700647	0.315841573	3.06e-16	7.25e-15	2.18e-16	38.30461846	55.59749067	58.08468704	61.52492503	1.041557207	6.272383602	8.273901879	7.62399351	53.3779303	5.80295905	-3.201382714
H2scaf20-aug7955	19.99768611	-2.843026655	0.347316141	2.71e-16	8.93e-15	2.72e-16	34.27255336	39.71249334	32.04672388	43.62676502	1.041557207	1.792109601	3.677289724	3.811996755	37.4146339	2.580738322	-3.857746889
H2scaf31-aug8811	19.62086464	-2.987541636	0.372340872	1.03e-15	3.25e-14	1.03e-15	54.43287887	25.81312067	31.04526376	39.15222502	0	1.792109601	0.919322431	3.811996755	37.61087208	1.630857197	-4.527447393
H2scaf936-aug24788	93.49299551	-3.131162434	0.402954311	7.82e-15	2.59e-13	8.73e-15	237.891841	158.8499733	66.09636801	270.7096702	5.207786033	5.376328802	0	3.811996755	183.3869631	3.599027898	-5.671139987
H2scaf254-aug23651	54.03654952	-2.198407224	0.292170199	5.3e-14	1.06e-12	3.78e-14	70.56113927	108.2165443	83.12119007	108.5075951	20.83114413	25.08953441	6.435257017	9.529991888	92.60161719	15.47148186	-2.581426004
H2scaf44-aug26859	21.33337283	-2.475936365	0.331045913	7.48e-14	1.74e-12	6.29e-14	38.30461846	45.66936734	29.04234352	40.27086002	6.24934324	2.688164401	3.677289724	4.764995944	38.32179733	4.344948327	-3.140754302
H2scaf52-aug13055	32.05796455	-2.327487357	0.312430822	9.36e-14	1.92e-12	6.98e-14	82.65733457	39.71249334	52.07592631	50.33857503	10.41557207	4.480274002	10.11254674	6.670994322	56.19608231	7.919846783	-2.826925132
H2scaf44-aug26750	62.85339683	-2.619862309	0.353456527	1.24e-13	2.17e-12	7.96e-14	119.9539368	137.008102	164.2394599	40.27086002	21.87270134	3.584219201	8.273901879	7.62399351	115.3680897	10.33870398	-3.480116984
H2scaf68-aug15256	29.49047636	-2.251068131	0.30427138	1.38e-13	2.66e-12	9.85e-14	69.553123	35.741244	51.07446619	48.10130503	9.37401486	7.168438403	9.19322431	5.717995133	51.11753455	7.863418176	-2.700589771
H2scaf57-aug13828	18.45381011	-2.510781552	0.346260528	4.13e-13	8.83e-12	3.43e-13	30.24048826	25.81312067	37.05402449	41.38949502	2.083114413	4.480274002	2.757967293	3.811996755	33.62428211	3.283338116	-3.356268236
H2scaf16-aug1417	26.0457315	-2.112301373	0.29461191	7.51e-13	1.63e-11	6.51e-13	49.39279749	48.64780434	43.06278522	35.79632002	8.332457653	7.168438403	6.435257017	9.529991888	44.22492677	7.86653624	-2.491059315
H2scaf99-aug19464	527.7763873	-2.453072888	0.34176704	7.09e-13	1.92e-11	7.71e-13	1319.493304	870.6964164	328.4789198	1275.243901	130.1946508	91.39758963	106.641402	100.0649148	948.4781353	107.0746393	-3.146997699
H2scaf21-aug9061	26.03733097	-2.247807787	0.316715516	1.27e-12	2.6e-11	1.06e-12	47.37676494	55.59749067	48.07008582	30.20314502	9.37401486	3.584219201	5.515934586	8.576992699	45.31187161	6.762790337	-2.74419855
H2scaf133-aug21622	53.31320616	-2.008896628	0.283663193	1.42e-12	2.61e-11	1.06e-12	130.0340995	98.288421	51.07446619	76.06718004	23.95581575	14.33687681	16.54780376	16.20098621	88.86604169	17.76037063	-2.32297054
H2scaf31-aug8812	35.31383313	-2.266317925	0.320049145	1.43e-12	2.62e-11	1.07e-12	76.60923692	33.75561933	58.08468704	78.30445004	12.49868648	6.272383602	4.596612155	12.38898945	61.68849833	8.939167923	-2.786789074
H2scaf168-aug23157	25.01080704	-2.172407968	0.321570425	1.42e-11	2.69e-10	1.23e-11	52.41684632	33.75561933	41.05986497	45.86403503	11.45712927	6.272383602	7.354579448	1.905998378	43.27409141	6.747522675	-2.681073704
H2scaf25-aug5282	30.50906498	-2.138229837	0.324469511	4.4e-11	6.86e-10	3.28e-11	31.24850453	41.698118	55.08030667	82.77899005	9.37401486	10.7526576	5.515934586	7.62399351	52.70147981	8.31665014	-2.663769024
H2scaf169-aug23082	12.71221641	-2.40746029	0.378258312	1.96e-10	4.71e-09	2.5e-10	24.19239061	30.77718233	19.02774231	20.13543001	1.041557207	1.792109601	0.919322431	3.811996755	23.53318631	1.891246498	-3.637287353
H2scaf56-aug13629	11.93158696	-2.401033632	0.383745703	3.93e-10	5.96e-09	3.19e-10	25.20040688	24.82030833	22.03212267	16.77952501	2.083114413	3.584219201	0	0.952999189	22.20809072	1.655083201	-3.746109719
H2scaf47-aug13958	23.97862155	-1.908209436	0.31808515	1.98e-09	2.83e-08	1.65e-09	36.28858591	29.78437	37.05402449	57.05038503	11.45712927	8.960548003	5.515934586	5.717995133	40.04434136	7.912901749	-2.339319642
H2scaf6-aug3505	24.1415897	-2.031029616	0.346289356	4.49e-09	6.22e-08	3.77e-09	23.18437433	32.762807	46.06716558	64.88083004	3.12467162	5.376328802	10.11254674	7.62399351	41.72379424	6.559385168	-2.66923786
H2scaf100-aug19378	8.417567906	-2.343644166	0.40986463	1.08e-08	1.59e-07	1.02e-08	16.1282604	17.870622	8.011680971	23.49133501	0	0	1.838644862	0	16.3754746	0.459661215	-5.154821967
H2scaf57-aug13829	8.276542464	-2.203555346	0.402825805	4.49e-08	7.86e-07	5.73e-08	15.12024413	11.913748	13.01898158	22.37270001	1.041557207	1.792109601	0	0.952999189	15.60641843	0.946666499	-4.043139408
H2scaf6-aug3435	20.81203917	-2.043530112	0.383656766	1e-07	1.12e-06	8.31e-08	62.49700907	43.68374267	10.01460121	32.44041502	4.166228827	6.272383602	5.515934586	1.905998378	37.15894199	4.465136348	-3.05693329
H2scaf16-aug1687	25.73489966	-1.834570448	0.345151265	1.07e-07	1.23e-06	9.23e-08	54.43287887	26.805933	39.05694473	52.57584503	9.37401486	11.6487124	11.03186917	0.952999189	43.21790041	8.251898906	-2.388830934
H2scaf120-aug20879	6.383634535	-2.162917921	0.41067416	1.39e-07	1.67e-06	1.28e-07	15.12024413	9.928123334	13.01898158	11.18635001	0	0.8960548	0.919322431	0	12.31342476	0.453844308	-4.761890805
H2scaf75-aug17453	195.5451668	-1.877122368	0.358123082	1.59e-07	1.94e-06	1.5e-07	497.96004	330.606507	98.14309189	403.8272352	51.03630313	62.72383602	52.40137857	67.6629424	332.6342185	58.45611503	-2.508510732
H2scaf509-aug24319	11.13898159	-1.989787008	0.375759727	1.19e-07	1.95e-06	1.51e-07	17.13627668	16.87780967	21.03066255	23.49133501	4.166228827	3.584219201	0.919322431	1.905998378	19.63402098	2.643942209	-2.892593114
H2scaf44-aug26934	8.040893499	-2.104022482	0.406054628	2.2e-07	2.62e-06	2.08e-07	21.16834178	12.90656033	15.02190182	11.18635001	3.12467162	0	0.919322431	0	15.07078849	1.010998513	-3.897902119
H2scaf11-aug7105	10.2189459	-1.990658286	0.389313058	3.17e-07	3.2e-06	2.57e-07	26.20842316	19.85624667	15.02190182	12.30498501	1.041557207	2.688164401	3.677289724	0.952999189	18.34788916	2.09000263	-3.134037435
H2scaf12-aug812	11.0682814	-1.948998229	0.379335055	2.78e-07	4.31e-06	3.54e-07	15.12024413	22.83468367	23.03358279	16.77952501	5.207786033	1.792109601	0.919322431	2.858997566	19.4420089	2.694553908	-2.851058942
H2scaf11-aug7097	15.66459957	-1.878570629	0.373706801	4.99e-07	5.02e-06	4.19e-07	19.15230923	47.654992	26.03796315	15.66089001	2.083114413	4.480274002	6.435257017	3.811996755	27.1265386	4.202660547	-2.69033013
H2scaf44-aug26782	6.904562377	-2.013143343	0.405504837	6.89e-07	7.39e-06	6.35e-07	11.08817903	14.892185	13.01898158	12.30498501	2.083114413	0.8960548	0	0.952999189	12.82608265	0.983042101	-3.705683595
H2scaf73-aug16892	9.842006268	-1.897330215	0.382252121	6.92e-07	1.01e-05	8.82e-07	19.15230923	13.89937267	18.02628218	17.89816001	4.166228827	0.8960548	1.838644862	2.858997566	17.24403102	2.439981514	-2.821154941
H2scaf16-aug1646	7.607056044	-1.947734151	0.398106401	9.96e-07	1.4e-05	1.27e-06	13.10421158	15.88499733	15.02190182	11.18635001	1.041557207	1.792109601	0.919322431	1.905998378	13.79936518	1.414746904	-3.285986015
H2scaf120-aug20864	11.57084794	-1.874001678	0.394977171	2.09e-06	2.1e-05	1.98e-06	13.10421158	17.870622	18.02628218	33.55905002	0	5.376328802	3.677289724	0.952999189	20.64004145	2.501654429	-3.044491449
H2scaf155-aug22982	66.48255467	-1.897180081	0.407216766	3.18e-06	2.15e-05	2.04e-06	68.54510672	119.13748	266.3883923	29.08451002	12.49868648	7.168438403	13.78983646	15.24798702	120.7888723	12.17623709	-3.310347291
H2scaf9-aug22488	13.97678214	-1.734715341	0.373279661	3.36e-06	2.8e-05	2.73e-06	17.13627668	22.83468367	40.05840485	14.54225501	6.24934324	5.376328802	2.757967293	2.858997566	23.64290505	4.310659225	-2.455426892
H2scaf109-aug20278	7.819763581	-1.834622674	0.398959696	4.26e-06	4.01e-05	4.03e-06	16.1282604	12.90656033	9.013141092	17.89816001	1.041557207	1.792109601	0.919322431	2.858997566	13.98653046	1.652996701	-3.080882377
H2scaf21-aug9074	10.15648041	-1.839822592	0.4010157	4.48e-06	4.2e-05	4.24e-06	24.19239061	19.85624667	12.01752146	16.77952501	0	2.688164401	0	5.717995133	18.21142094	2.101539883	-3.115324751
H2scaf32-aug14859	11.82730639	-1.63754318	0.37095485	1.01e-05	8.61e-05	9.34e-06	19.15230923	23.827496	18.02628218	17.89816001	0	4.480274002	5.515934586	5.717995133	19.72606186	3.92855093	-2.328033794
H2scaf113-aug21207	8.035694115	-1.711394362	0.392587235	1.3e-05	9.63e-05	1.06e-05	16.1282604	8.935311	15.02190182	15.66089001	2.083114413	1.792109601	2.757967293	1.905998378	13.93659081	2.134797421	-2.706706611
H2scaf34-aug7908	9.017980055	-1.713539522	0.394912335	1.43e-05	0.000116825	1.32e-05	7.056113927	17.870622	20.02920243	17.89816001	1.041557207	3.584219201	2.757967293	1.905998378	15.71352459	2.32243552	-2.758296371
H2scaf49-aug12472	11.47864705	-1.640005617	0.382384301	1.8e-05	0.000146126	1.7e-05	11.08817903	13.89937267	21.03066255	31.32178002	5.207786033	1.792109601	3.677289724	3.811996755	19.33499857	3.622295528	-2.416238498
H2scaf16-aug1489	441.3189745	-1.611772769	0.38437878	2.75e-05	0.000241508	2.99e-05	811.4531016	236.2893353	754.0994714	1153.312686	137.4855513	70.78832922	124.1085282	243.0147931	738.7886485	143.8493005	-2.360603494
H2scaf18-aug3728	6.516657276	-1.708661751	0.411185821	3.25e-05	0.000241623	2.99e-05	15.12024413	13.89937267	5.007300607	13.42362001	1.041557207	2.688164401	0	0.952999189	11.86263435	1.170680199	-3.341005501
H2scaf2-aug5527	6.043281079	-1.712154016	0.409272351	2.87e-05	0.000288114	3.66e-05	14.11222785	10.92093567	12.01752146	6.711810004	0	1.792109601	1.838644862	0.952999189	10.94062375	1.145938413	-3.255093576
H2scaf105-aug20224	4.631807931	-1.754973304	0.413777451	2.22e-05	0.000653148	9.21e-05	12.0961953	2.978437	11.01606133	10.06771501	0	0.8960548	0	0	9.039602161	0.2240137	-5.334600409
H2scaf117-aug20853	7.985898828	-1.529399712	0.390132194	8.85e-05	0.000775869	0.000112905	15.12024413	15.88499733	9.013141092	13.42362001	2.083114413	1.792109601	2.757967293	3.811996755	13.36050064	2.611297016	-2.355135601
H2scaf72-aug15658	5.865760316	-1.557757232	0.408994996	0.000139674	0.000777654	0.000113237	7.056113927	7.942498667	14.0204417	12.30498501	1.041557207	2.688164401	0.919322431	0.952999189	10.33100982	1.400510807	-2.882956259
H2scaf2311-aug25627	6.094187684	-1.585433649	0.413341422	0.000125232	0.000790652	0.000115458	14.11222785	15.88499733	4.005840485	10.06771501	1.041557207	2.688164401	0	0.952999189	11.01769517	1.170680199	-3.234403527
H2scaf315-aug23808	6.950993601	-1.535881361	0.405604708	0.000152695	0.000839764	0.000123792	19.15230923	11.913748	7.010220849	10.06771501	1.041557207	1.792109601	3.677289724	0.952999189	12.03599827	1.86598893	-2.689343472
H2scaf88-aug18470	5.95799427	-1.52586435	0.410414271	0.000200915	0.001578693	0.0002564	8.064130202	15.88499733	10.01460121	7.830445004	3.12467162	1.792109601	0	0.952999189	10.44854344	1.467445102	-2.831923402
H2scaf14-aug226	7.958094838	-1.43657862	0.399556658	0.000323854	0.00184203	0.000306396	16.1282604	14.892185	12.01752146	10.06771501	2.083114413	0	2.757967293	5.717995133	13.27642047	2.63976921	-2.330382518
H2scaf48-aug11586	35.04137865	-1.386339291	0.414350577	0.000820419	0.002767024	0.000493569	51.40883004	35.741244	100.1460121	63.76219504	2.083114413	21.50531521	0.919322431	4.764995944	62.7645703	7.318186999	-3.100392222
H2scaf6-aug3465	3.801813628	-1.584997247	0.412101297	0.000119996	0.002781742	0.000497368	10.08016275	9.928123334	6.008760728	3.355905002	1.041557207	0	0	0	7.343237954	0.260389302	-4.81767427
H2scaf10-aug11744	6.049558989	-1.365795573	0.408464086	0.000826587	0.003595762	0.000670129	15.12024413	9.928123334	8.011680971	7.830445004	2.083114413	3.584219201	1.838644862	0	10.22262336	1.876494619	-2.445653414
H2scaf41-aug12148	4.956002228	-1.553656525	0.414740546	0.00017961	0.00598831	0.001209159	11.08817903	3.971249334	7.010220849	14.54225501	2.083114413	0	0	0.952999189	9.152976055	0.759028401	-3.592015133
H2scaf1928-aug25468	4.522670514	-1.390266661	0.414755713	0.000802262	0.014006323	0.003282601	7.056113927	6.949686334	5.007300607	13.42362001	0	0	1.838644862	1.905998378	8.109180219	0.93616081	-3.114727799
H2scaf7-aug2163	4.150472376	-1.315535306	0.414686227	0.001512038	0.024103709	0.00633992	4.032065101	9.928123334	11.01606133	4.474540003	1.041557207	1.792109601	0.919322431	0	7.362697443	0.93824731	-2.972194264
H2scaf19-aug8428	3.457613154	-1.262069806	0.399504008	0.001582617	0.024813252	0.006559759	2.016032551	14.892185	2.002920243	7.830445004	0	0	0.919322431	0	6.6853957	0.229830608	-4.862370107
H2scaf4-aug16358	2.563409628	-1.268485913	0.404610424	0.001718074	0.026278116	0.007029816	4.032065101	5.956874	4.005840485	5.593175003	0	0	0.919322431	0	4.896988647	0.229830608	-4.413252004
H2scaf84-aug24084	2.647371575	-1.254487123	0.40318528	0.001861768	0.028401579	0.007716809	6.048097652	4.964061667	7.010220849	2.237270001	0	0	0.919322431	0	5.064912542	0.229830608	-4.461894511
H2scaf102-aug19840	5.351248555	-1.333406115	0.413849893	0.001273187	0.030856205	0.00857126	6.048097652	4.964061667	7.010220849	19.01679501	2.083114413	0.8960548	1.838644862	0.952999189	9.259793795	1.442703316	-2.682205418
H2scaf105-aug20205	5.291045023	-1.208304122	0.414659467	0.003568673	0.048043958	0.014774398	15.12024413	7.942498667	10.01460121	3.355905002	2.083114413	0	0	3.811996755	9.108312253	1.473777792	-2.627664732
H2scaf49-aug12478	4.170296543	-1.26039876	0.413968542	0.002329336	0.050368092	0.015681388	15.12024413	5.956874	3.004380364	5.593175003	0	0.8960548	1.838644862	0.952999189	7.418668374	0.921924713	-3.008439406
H2scaf25-aug5182	14.33206685	-0.805802841	0.351659124	0.021938462	0.056819816	0.018199544	37.29660219	55.59749067	19.02774231	0	0	0.8960548	1.838644862	0	27.98045879	0.683674916	-5.354965315
H2scaf16-aug1582	3.102078686	-1.16635248	0.412487504	0.004689737	0.059420643	0.019188916	4.032065101	3.971249334	5.007300607	8.949080005	1.041557207	0.8960548	0.919322431	0	5.489923762	0.714233609	-2.942318186
H2scaf25-aug5049	2.903082781	-1.142444084	0.404609045	0.004749128	0.059984546	0.019431925	3.024048826	9.928123334	4.005840485	4.474540003	0	1.792109601	0	0	5.358138162	0.4480274	-3.580072911
H2scaf39-aug10398	3.067976166	-1.162461468	0.412615204	0.004842903	0.062109739	0.020306112	6.048097652	2.978437	7.010220849	5.593175003	1.041557207	0	0.919322431	0.952999189	5.407482626	0.728469707	-2.892016241
H2scaf49-aug12501	2.932694136	-1.150748474	0.41286922	0.00531659	0.066916947	0.022292266	5.040081377	4.964061667	5.007300607	5.593175003	1.041557207	0.8960548	0.919322431	0	5.151154663	0.714233609	-2.850427928
H2scaf29-aug7638	3.286194778	-1.148563284	0.414601923	0.005600818	0.069801342	0.023484022	6.048097652	6.949686334	5.007300607	4.474540003	1.041557207	0.8960548	0.919322431	0.952999189	5.619906149	0.952483407	-2.560780173
H2scaf52-aug13094	3.596269508	-1.126556875	0.413175891	0.006399455	0.076680038	0.026524987	5.040081377	3.971249334	7.010220849	8.949080005	1.041557207	0	2.757967293	0	6.242657891	0.949881125	-2.716341525
H2scaf12-aug1071	4.375191444	-1.179534446	0.414204223	0.004403472	0.08388567	0.02964474	8.064130202	11.913748	6.008760728	3.355905002	1.041557207	1.792109601	0.919322431	1.905998378	7.335635983	1.414746904	-2.37437807
H2scaf2338-aug25641	45.78923781	-0.570784975	0.308937972	0.064664364	0.103843744	0.038902463	137.0902134	122.115917	106.1547729	0	0	0	0	0.952999189	91.34022583	0.238249797	-8.58263156
H2scaf470-aug24259	3.321638462	-1.064251311	0.412415137	0.009864762	0.106953106	0.040363481	9.072146478	2.978437	3.004380364	7.830445004	0	0.8960548	1.838644862	0.952999189	5.721352212	0.921924713	-2.633635315
H2scaf38-aug12954	3.734241787	-1.035995596	0.413492458	0.012228656	0.12789342	0.050686334	8.064130202	10.92093567	5.007300607	1.118635001	1.041557207	0.8960548	0.919322431	1.905998378	6.277750369	1.190733204	-2.398397464
H2scaf73-aug16850	3.629416537	-1.038070965	0.414135938	0.012190038	0.128773484	0.051112381	5.040081377	2.978437	4.005840485	12.30498501	1.041557207	1.792109601	0.919322431	0.952999189	6.082335967	1.176497107	-2.370127735
H2scaf252-aug23636	25.10968839	-0.607006176	0.324964189	0.061773622	0.128989372	0.051245697	2.016032551	104.245295	88.12849068	0	1.041557207	2.688164401	2.757967293	0	48.59745456	1.621922225	-4.905104204
H2scaf3-aug4188	2.996808646	-1.056012231	0.397795214	0.007938768	0.133178684	0.053444808	9.072146478	2.978437	9.013141092	1.118635001	0	1.792109601	0	0	5.545589893	0.4480274	-3.629682059
H2scaf30-aug10842	2.426673717	-0.90101233	0.375767668	0.016494274	0.16094131	0.068366817	0	3.971249334	10.01460121	4.474540003	0	0	0	0.952999189	4.615097637	0.238249797	-4.275814279
H2scaf26-aug18213	3.071160822	-0.983094819	0.411808891	0.01697449	0.162670512	0.069454235	6.048097652	1.985624667	7.010220849	5.593175003	2.083114413	0.8960548	0	0.952999189	5.159279543	0.983042101	-2.391844508
H2scaf44-aug26938	2.62482264	-0.949007309	0.405561634	0.01928462	0.180059855	0.078906555	5.040081377	3.971249334	8.011680971	1.118635001	1.041557207	0.8960548	0.919322431	0	4.53541167	0.714233609	-2.666765578
H2scaf89-aug18760	2.592591685	-0.906226664	0.403447729	0.024690823	0.219404123	0.102340547	5.040081377	1.985624667	3.004380364	7.830445004	1.041557207	0	1.838644862	0	4.465132853	0.720050517	-2.63253307
H2scaf6-aug3493	2.707075334	-0.978038895	0.406760724	0.016196487	0.23048792	0.109036838	3.024048826	4.964061667	3.004380364	7.830445004	1.041557207	1.792109601	0	0	4.705733965	0.708416702	-2.73174963
H2scaf16-aug1643	2.379486724	-0.87700184	0.404034336	0.029960503	0.252100732	0.122588882	6.048097652	3.971249334	5.007300607	1.118635001	1.041557207	0.8960548	0	0.952999189	4.036320648	0.722652799	-2.481666217
H2scaf271-aug23702	11.44064983	-0.584762599	0.356346397	0.100798487	0.261627553	0.128635456	54.43287887	4.964061667	0	20.13543001	0	3.584219201	4.596612155	3.811996755	19.88309264	2.998207028	-2.729370262
H2scaf83-aug18599	3.041477864	-0.824252076	0.390022128	0.034571083	0.283485266	0.143293056	0	9.928123334	8.011680971	3.355905002	2.083114413	0	0	0.952999189	5.323927327	0.759028401	-2.810265105
H2scaf52-aug13123	2.303723798	-0.850303726	0.403954823	0.035295872	0.290636474	0.147994287	4.032065101	3.971249334	3.004380364	4.474540003	1.041557207	0	0	1.905998378	3.8705587	0.736888896	-2.393022809
H2scaf3-aug3932	2.31460955	-0.82980532	0.400838583	0.038436121	0.306441331	0.159313184	4.032065101	2.978437	2.002920243	6.711810004	0	0	1.838644862	0.952999189	3.931308087	0.697911013	-2.493894427
H2scaf954-aug24805	2.170305695	-0.752938469	0.395289689	0.056809143	0.404681345	0.232445013	3.024048826	0.992812333	5.007300607	5.593175003	0	1.792109601	0	0.952999189	3.654334192	0.686277197	-2.412745251
H2scaf111-aug24176	2.150181234	-0.744170356	0.395430278	0.059846121	0.427756186	0.250932576	2.016032551	1.985624667	7.010220849	3.355905002	1.041557207	1.792109601	0	0	3.591945767	0.708416702	-2.342095437
H2scaf7-aug2047	1.967909601	-0.721177821	0.356146049	0.042872533	1	1	1.008016275	0	6.008760728	7.830445004	0	0.8960548	0	0	3.711805502	0.2240137	-4.050462244
H2scaf49-aug12482	2.031893964	-0.898391112	0.379487958	0.017914668	1	1	1.008016275	8.935311	2.002920243	3.355905002	0	0	0	0.952999189	3.82553813	0.238249797	-4.005115812
H2scaf6-aug3494	1.872200173	-0.873038431	0.377791903	0.020838508	1	1	2.016032551	7.942498667	3.004380364	1.118635001	0	0.8960548	0	0	3.520386646	0.2240137	-3.974075018
H2scaf76-aug17354	1.829646252	-0.902841268	0.382587437	0.018283317	1	1	2.016032551	1.985624667	3.004380364	6.711810004	0	0	0.919322431	0	3.429461896	0.229830608	-3.899339379
H2scaf13-aug16605	1.69089785	-0.825479307	0.375406951	0.027885609	1	1	2.016032551	0.992812333	4.005840485	5.593175003	0	0	0.919322431	0	3.151965093	0.229830608	-3.77760871
H2scaf100-aug19320	1.813208478	-0.882750816	0.381778925	0.020766435	1	1	3.024048826	4.964061667	1.001460121	4.474540003	1.041557207	0	0	0	3.366027654	0.260389302	-3.692304949
H2scaf56-aug13632	1.654444942	-0.807534065	0.373893785	0.030788514	1	1	6.048097652	0.992812333	3.004380364	2.237270001	0	0	0	0.952999189	3.070640088	0.238249797	-3.687992531
H2scaf3083-aug26245	1.794319811	-0.467978362	0.311763542	0.133337904	1	1	1.008016275	0	0	12.30498501	1.041557207	0	0	0	3.328250321	0.260389302	-3.676021864
H2scaf32-aug14692	1.53262063	-0.671042145	0.355139881	0.05882285	1	1	0	2.978437	5.007300607	3.355905002	0	0	0.919322431	0	2.835410652	0.229830608	-3.624914848
H2scaf7446-aug27586	1.495760096	-0.437125825	0.305873762	0.15297396	1	1	0	9.928123334	0	1.118635001	0	0	0.919322431	0	2.761689584	0.229830608	-3.586908321
H2scaf43-aug10949	1.394241852	-0.747378007	0.370011046	0.04339581	1	1	4.032065101	1.985624667	2.002920243	2.237270001	0	0.8960548	0	0	2.564470003	0.2240137	-3.517001825
H2scaf97-aug19240	1.394241852	-0.747378007	0.370011046	0.04339581	1	1	4.032065101	1.985624667	2.002920243	2.237270001	0	0.8960548	0	0	2.564470003	0.2240137	-3.517001825
H2scaf12-aug1203	1.377694499	-0.734520224	0.36830202	0.046114682	1	1	3.024048826	2.978437	3.004380364	1.118635001	0	0.8960548	0	0	2.531375298	0.2240137	-3.498262544
H2scaf3867-aug26479	1.561204409	-0.732680838	0.366556751	0.04562787	1	1	1.008016275	4.964061667	1.001460121	4.474540003	1.041557207	0	0	0	2.862019517	0.260389302	-3.45829143
H2scaf12-aug1204	1.427076512	-0.720453996	0.367627561	0.050026328	1	1	4.032065101	1.985624667	1.001460121	3.355905002	1.041557207	0	0	0	2.593763723	0.260389302	-3.316304984
H2scaf25-aug5092	1.3958823	-0.727438828	0.369130828	0.048760462	1	1	3.024048826	2.978437	3.004380364	1.118635001	1.041557207	0	0	0	2.531375298	0.260389302	-3.281179335
H2scaf6-aug3137	1.160612616	-0.52690579	0.336762664	0.117671903	1	1	3.024048826	1.985624667	0	3.355905002	0	0	0.919322431	0	2.091394624	0.229830608	-3.185822461
H2scaf74-aug17073	1.160612616	-0.52690579	0.336762664	0.117671903	1	1	3.024048826	1.985624667	0	3.355905002	0	0	0.919322431	0	2.091394624	0.229830608	-3.185822461
H2scaf124-aug21106	1.314901818	-0.659903767	0.360938043	0.067504231	1	1	2.016032551	1.985624667	1.001460121	4.474540003	1.041557207	0	0	0	2.369414335	0.260389302	-3.185788422
H2scaf6-aug3453	1.13158035	-0.579551819	0.348787002	0.096588783	1	1	2.016032551	0.992812333	4.005840485	1.118635001	0	0	0.919322431	0	2.033330092	0.229830608	-3.145201595
H2scaf28-aug13367	1.270961239	-0.653212997	0.36053297	0.070017378	1	1	2.016032551	1.985624667	4.005840485	1.118635001	1.041557207	0	0	0	2.281533176	0.260389302	-3.131261552
H2scaf77-aug17659	1.162102198	-0.59068082	0.351099723	0.092496464	1	1	1.008016275	2.978437	1.001460121	3.355905002	0	0	0	0.952999189	2.0859546	0.238249797	-3.130160867
H2scaf102-aug19851	1.147455339	-0.60564974	0.354355481	0.087421564	1	1	1.008016275	2.978437	2.002920243	2.237270001	0	0	0	0.952999189	2.05666088	0.238249797	-3.109757038
H2scaf970-aug24818	1.061257302	-0.433814087	0.316878334	0.170991731	1	1	1.008016275	0.992812333	0	5.593175003	0	0.8960548	0	0	1.898500903	0.2240137	-3.083201814
H2scaf6-aug3542	1.118981138	-0.516592856	0.336149226	0.124343222	1	1	2.016032551	2.978437	3.004380364	0	0	0	0	0.952999189	1.999712479	0.238249797	-3.069245691
H2scaf49-aug12490	1.017055268	-0.545144239	0.345871406	0.11499189	1	1	2.016032551	1.985624667	1.001460121	2.237270001	0	0.8960548	0	0	1.810096835	0.2240137	-3.014408008
H2scaf69-aug15403	0.989400586	-0.441547435	0.321068682	0.169056143	1	1	4.032065101	1.985624667	1.001460121	0	0	0.8960548	0	0	1.754787472	0.2240137	-2.96963744
H2scaf117-aug20849	2.039589545	-0.91304317	0.398315613	0.021890612	1	1	2.016032551	3.971249334	4.005840485	4.474540003	0	0.8960548	0	0.952999189	3.616915593	0.462263497	-2.967972581
H2scaf1-aug9644	1.145778724	-0.599185289	0.354803668	0.091261625	1	1	2.016032551	1.985624667	3.004380364	1.118635001	1.041557207	0	0	0	2.031168145	0.260389302	-2.963567594
H2scaf16-aug1566	1.009117847	-0.443834955	0.321782448	0.167801869	1	1	4.032065101	0	2.002920243	1.118635001	0	0	0.919322431	0	1.788405086	0.229830608	-2.960030707
H2scaf157-aug22968	1.041801642	-0.454197646	0.324554776	0.161678576	1	1	3.024048826	0	1.001460121	3.355905002	0	0	0	0.952999189	1.845353487	0.238249797	-2.953350307
H2scaf1388-aug25155	0.98783569	-0.249287244	0.257025739	0.332100259	1	1	0	6.949686334	0	0	0	0	0	0.952999189	1.737421583	0.238249797	-2.866400974
H2scaf54-aug15547	0.921427926	-0.388441767	0.310002669	0.210195819	1	1	1.008016275	0.992812333	0	4.474540003	0	0.8960548	0	0	1.618842153	0.2240137	-2.853303449
H2scaf2-aug5685	0.906781067	-0.45711111	0.330504157	0.16664273	1	1	1.008016275	0.992812333	1.001460121	3.355905002	0	0.8960548	0	0	1.589548433	0.2240137	-2.826958104
H2scaf1783-aug25392	0.908608547	-0.400470629	0.314933267	0.203513599	1	1	1.008016275	1.985624667	0	3.355905002	0	0	0.919322431	0	1.587386486	0.229830608	-2.788010581
H2scaf38-aug12897	0.906708054	-0.324489376	0.289833928	0.262897038	1	1	0	2.978437	0	3.355905002	0	0	0.919322431	0	1.583585501	0.229830608	-2.784551916
H2scaf117-aug20810	0.880207359	-0.395736047	0.313764704	0.207218428	1	1	3.024048826	0	2.002920243	1.118635001	0	0.8960548	0	0	1.536401017	0.2240137	-2.777895953
H2scaf120-aug20866	1.018434261	-0.436292396	0.32276783	0.176464246	1	1	2.016032551	3.971249334	0	1.118635001	1.041557207	0	0	0	1.776479221	0.260389302	-2.770278734
H2scaf44-aug26935	0.86067854	-0.39097373	0.313027337	0.211662053	1	1	1.008016275	2.978437	2.002920243	0	0	0.8960548	0	0	1.49734338	0.2240137	-2.740746235
H2scaf1-aug9317	0.879576281	-0.376815988	0.308641296	0.222129001	1	1	0	0.992812333	4.005840485	1.118635001	0	0	0.919322431	0	1.529321955	0.229830608	-2.73424931
H2scaf10-aug11907	0.879314827	-0.461371936	0.333251334	0.166218756	1	1	1.008016275	1.985624667	2.002920243	1.118635001	0	0	0.919322431	0	1.528799046	0.229830608	-2.733755936
H2scaf6540-aug27354	0.863848448	-0.310874818	0.286487357	0.277865948	1	1	0	1.985624667	4.005840485	0	0	0	0.919322431	0	1.497866288	0.229830608	-2.704265995
H2scaf12-aug852	1.769919574	-0.776949507	0.390409313	0.046581068	1	1	2.016032551	4.964061667	3.004380364	2.237270001	1.041557207	0.8960548	0	0	3.055436146	0.484403002	-2.657098621
H2scaf12-aug1020	0.939877181	-0.318454286	0.290471017	0.272931077	1	1	0	0	2.002920243	4.474540003	1.041557207	0	0	0	1.619365061	0.260389302	-2.636686176
H2scaf47-aug13855	1.599902538	-0.604179054	0.367133955	0.099832999	1	1	3.024048826	5.956874	2.002920243	0	0	0.8960548	0.919322431	0	2.745960767	0.453844308	-2.597041645
H2scaf27-aug6453	1.646078224	-0.585315161	0.363480106	0.10733049	1	1	7.056113927	0	2.002920243	2.237270001	0	0	0.919322431	0.952999189	2.824076043	0.468080405	-2.59295066
H2scaf5-aug4502	0.782679525	-0.33542364	0.301023996	0.265161048	1	1	1.008016275	0	1.001460121	3.355905002	0	0.8960548	0	0	1.34134535	0.2240137	-2.582021857
H2scaf49-aug12564	0.781598551	-0.335133768	0.300973977	0.265494826	1	1	1.008016275	0.992812333	0	3.355905002	0	0.8960548	0	0	1.339183403	0.2240137	-2.579694681
H2scaf826-aug24679	1.791088841	-0.735688853	0.386495914	0.056977398	1	1	3.024048826	2.978437	4.005840485	2.237270001	2.083114413	0	0	0	3.061399078	0.520778603	-2.555449044
H2scaf4-aug16360	0.766951691	-0.38915766	0.320089057	0.224068993	1	1	1.008016275	0.992812333	1.001460121	2.237270001	0	0.8960548	0	0	1.309889683	0.2240137	-2.547786444
H2scaf524-aug24343	0.784507005	-0.333833681	0.301260043	0.267807985	1	1	1.008016275	0.992812333	0	3.355905002	0	0	0.919322431	0	1.339183403	0.229830608	-2.542710706
H2scaf30-aug10712	0.782606512	-0.277951299	0.279561841	0.320106502	1	1	0	1.985624667	0	3.355905002	0	0	0.919322431	0	1.335382417	0.229830608	-2.538610103
H2scaf27-aug6652	0.753385805	-0.327633258	0.299623935	0.274182407	1	1	1.008016275	0	3.004380364	1.118635001	0	0.8960548	0	0	1.28275791	0.2240137	-2.51759005
H2scaf14-aug220	1.50941861	-0.652464657	0.379590922	0.085639385	1	1	3.024048826	0.992812333	4.005840485	2.237270001	0	0.8960548	0.919322431	0	2.564992911	0.453844308	-2.498685471
H2scaf48-aug11501	0.73929701	-0.323806043	0.298916982	0.278691204	1	1	3.024048826	0.992812333	1.001460121	0	0	0.8960548	0	0	1.25458032	0.2240137	-2.485545966
H2scaf43-aug10958	0.755213285	-0.383881052	0.319750187	0.22991978	1	1	1.008016275	0.992812333	2.002920243	1.118635001	0	0	0.919322431	0	1.280595963	0.229830608	-2.47817252
H2scaf48-aug11620	0.754132312	-0.383575816	0.319704818	0.230224344	1	1	1.008016275	1.985624667	1.001460121	1.118635001	0	0	0.919322431	0	1.278434016	0.229830608	-2.475734853
H2scaf8-aug2800	1.509565765	-0.666411773	0.382343776	0.08133975	1	1	2.016032551	3.971249334	2.002920243	2.237270001	0	0.8960548	0	0.952999189	2.556868032	0.462263497	-2.467590351
H2scaf1011-aug24862	0.77406974	-0.386082263	0.320729738	0.22868159	1	1	1.008016275	0.992812333	1.001460121	2.237270001	0	0	0	0.952999189	1.309889683	0.238249797	-2.458898424
H2scaf62-aug14348	0.736503986	-0.255698656	0.27237256	0.347842306	1	1	0	3.971249334	1.001460121	0	0	0	0.919322431	0	1.243177364	0.229830608	-2.435389293
H2scaf44-aug26939	1.550190691	-0.649799218	0.380036632	0.087296738	1	1	1.008016275	2.978437	2.002920243	4.474540003	1.041557207	0.8960548	0	0	2.61597838	0.484403002	-2.433070907
H2scaf21-aug9012	0.760242399	-0.382332594	0.320166172	0.232411773	1	1	2.016032551	0.992812333	1.001460121	1.118635001	0	0	0	0.952999189	1.282235001	0.238249797	-2.428113805
H2scaf48-aug11588	0.758603361	-0.324017481	0.300248846	0.280515017	1	1	0	0.992812333	3.004380364	1.118635001	0	0	0	0.952999189	1.278956924	0.238249797	-2.424420784
H2scaf138-aug21782	0.756441414	-0.323420945	0.300143184	0.28123216	1	1	0	2.978437	1.001460121	1.118635001	0	0	0	0.952999189	1.274633031	0.238249797	-2.419535061
H2scaf32-aug14690	1.539271804	-0.672233105	0.384139497	0.080123262	1	1	2.016032551	2.978437	2.002920243	3.355905002	1.041557207	0	0.919322431	0	2.588323699	0.490219909	-2.400517071
H2scaf105-aug20243	1.50788915	-0.652751364	0.381442208	0.087030915	1	1	3.024048826	2.978437	3.004380364	1.118635001	1.041557207	0.8960548	0	0	2.531375298	0.484403002	-2.385641705
H2scaf6-aug3382	1.403092549	-0.59690399	0.375569769	0.111986096	1	1	3.024048826	0.992812333	2.002920243	3.355905002	0	0.8960548	0	0.952999189	2.343921601	0.462263497	-2.342136966
H2scaf921-aug24769	14.89961913	-0.308979526	0.247130695	NA	NA	NA	2.016032551	115.1662307	0	1.118635001	0	0.8960548	0	0	29.57522456	0.2240137	-7.044658346
H2scaf3287-aug26305	10.1366008	-0.333121388	0.255661103	NA	NA	NA	1.008016275	0	2.002920243	77.18581504	0	0.8960548	0	0	20.04918789	0.2240137	-6.483813024
H2scaf7134-aug27508	6.752717229	-0.184005622	0.200507827	NA	NA	NA	0	0.992812333	52.07592631	0	0	0	0	0.952999189	13.26718466	0.238249797	-5.799243462
H2scaf3063-aug26241	18.4128455	-0.180578716	0.199570016	NA	NA	NA	0	0.992812333	0	143.1852801	3.12467162	0	0	0	36.0445231	0.781167905	-5.528003575
H2scaf13-aug16582	26.07307975	-0.53489139	0.308701292	NA	NA	NA	1.008016275	200.5480913	1.001460121	1.118635001	2.083114413	0	0.919322431	1.905998378	50.91905068	1.227108805	-5.374870442
H2scaf464-aug24245	5.385681529	-1.039408895	0.377997571	NA	NA	NA	2.016032551	0.992812333	1.001460121	38.03359002	1.041557207	0	0	0	10.51097376	0.260389302	-5.335082344
H2scaf386-aug23953	24.66216378	-0.314235598	0.253091939	NA	NA	NA	190.515076	1.985624667	0	0	1.041557207	0.8960548	0	2.858997566	48.12517517	1.199152393	-5.326704873
H2scaf2524-aug25722	4.876879994	-0.194789953	0.207049132	NA	NA	NA	1.008016275	0	37.05402449	0	0	0	0	0.952999189	9.515510191	0.238249797	-5.31973412
H2scaf262-aug23669	4.58900682	-0.194080891	0.207578647	NA	NA	NA	0	0.992812333	0	34.67768502	1.041557207	0	0	0	8.917624338	0.260389302	-5.097917346
H2scaf7288-aug27537	6.752053749	-0.1858512	0.2047054	NA	NA	NA	0	0	3.004380364	49.21994003	0	1.792109601	0	0	13.0560801	0.4480274	-4.864991037
H2scaf626-aug25481	43.21176308	-0.784764245	0.35194864	NA	NA	NA	4.032065101	3.971249334	6.008760728	319.9296102	6.24934324	1.792109601	2.757967293	0.952999189	83.48542134	2.938104831	-4.828566512
H2scaf4164-aug26556	7.100958928	-0.173130198	0.19878761	NA	NA	NA	0	0	0	54.81311503	1.041557207	0	0	0.952999189	13.70327876	0.498639099	-4.780381305
H2scaf2720-aug25802	19.51971709	-0.717346318	0.343990601	NA	NA	NA	1.008016275	143.9577883	1.001460121	4.474540003	1.041557207	0.8960548	0.919322431	2.858997566	37.61045118	1.428983001	-4.718072954
H2scaf668-aug24531	8.433304925	-0.257391279	0.237207611	NA	NA	NA	0	0.992812333	0	63.76219504	0	1.792109601	0.919322431	0	16.18875184	0.677858008	-4.577864846
H2scaf5981-aug27212	8.036214195	-0.362648821	0.273885944	NA	NA	NA	0	0.992812333	0	60.40629003	1.041557207	0.8960548	0	0.952999189	15.34977559	0.722652799	-4.408771088
H2scaf386-aug23952	2.368200577	-0.162898674	0.196326909	NA	NA	NA	0	0	18.02628218	0	0	0	0.919322431	0	4.506570546	0.229830608	-4.293387128
H2scaf53-aug13485	119.5934237	-0.84472577	0.36428768	NA	NA	NA	10.08016275	868.7107917	13.01898158	17.89816001	16.66491531	8.960548003	13.78983646	7.62399351	227.427024	11.75982332	-4.273465402
H2scaf4689-aug26682	34.96654716	-0.648119288	0.338070521	NA	NA	NA	1.008016275	1.985624667	3.004380364	259.5233201	3.12467162	1.792109601	6.435257017	2.858997566	66.38033536	3.552758951	-4.223744206
H2scaf693-aug24559	3.996703418	-0.332580997	0.26934316	NA	NA	NA	0	27.79874533	0	2.237270001	1.041557207	0.8960548	0	0	7.509003834	0.484403002	-3.954341818
H2scaf1193-aug25007	15.88001996	-0.833511888	0.367637313	NA	NA	NA	109.873774	2.978437	2.002920243	4.474540003	2.083114413	0.8960548	0.919322431	3.811996755	29.83241781	1.9276221	-3.951986756
H2scaf63-aug15061	5.661777221	-1.240989749	0.403602512	NA	NA	NA	2.016032551	1.985624667	34.04964412	4.474540003	0	0.8960548	0.919322431	0.952999189	10.63146034	0.692094105	-3.941227752
H2scaf22-aug6085	7.628563453	-0.369436109	0.281656251	NA	NA	NA	2.016032551	0	55.08030667	0	2.083114413	0.8960548	0	0.952999189	14.27408481	0.983042101	-3.860001235
H2scaf4-aug16047	1.993618269	-0.500163242	0.316366024	NA	NA	NA	1.008016275	13.89937267	0	0	1.041557207	0	0	0	3.726847236	0.260389302	-3.839213603
H2scaf731-aug24599	10.04546677	-0.487283866	0.31423633	NA	NA	NA	70.56113927	2.978437	0	1.118635001	1.041557207	0	2.757967293	1.905998378	18.66455282	1.426380719	-3.709869932
H2scaf93-aug20491	14.70647703	-0.432866647	0.301363868	NA	NA	NA	103.8256764	0.992812333	1.001460121	3.355905002	0	0	2.757967293	5.717995133	27.29396345	2.118990606	-3.687132811
H2scaf3-aug4084	6.314151861	-0.240961125	0.239001576	NA	NA	NA	1.008016275	0	0	45.86403503	0	2.688164401	0	0.952999189	11.71801283	0.910290897	-3.68625647
H2scaf743-aug24613	3.129383666	-0.67921805	0.354389465	NA	NA	NA	1.008016275	1.985624667	0	20.13543001	0	0	0	1.905998378	5.782267738	0.476499594	-3.601088521
H2scaf33-aug10084	24.29966416	-0.968393614	0.386841946	NA	NA	NA	12.0961953	153.8859117	9.013141092	4.474540003	1.041557207	5.376328802	1.838644862	6.670994322	44.86744702	3.731881298	-3.587694093
H2scaf12-aug863	10.09684044	-1.224223584	0.406837008	NA	NA	NA	61.48899279	5.956874	1.001460121	5.593175003	2.083114413	1.792109601	0	2.858997566	18.51012548	1.683555395	-3.458731578
H2scaf35-aug19693	19.85538427	-0.90878576	0.38530334	NA	NA	NA	5.040081377	2.978437	7.010220849	129.7616601	2.083114413	4.480274002	3.677289724	3.811996755	36.19759982	3.513168724	-3.365049269
H2scaf4-aug15955	47.6240475	-0.980656261	0.391603315	NA	NA	NA	11.08817903	16.87780967	303.4424168	15.66089001	7.290900447	6.272383602	16.54780376	3.811996755	86.76732387	8.48077114	-3.354884476
H2scaf385-aug23951	3.963386837	-0.694379359	0.361217125	NA	NA	NA	0	0	2.002920243	26.84724002	1.041557207	0.8960548	0.919322431	0	7.212540064	0.714233609	-3.336039499
H2scaf2-aug5402	11.0372825	-0.618852934	0.349455011	NA	NA	NA	3.024048826	0.992812333	2.002920243	73.82991004	2.083114413	2.688164401	3.677289724	0	19.96242286	2.112142135	-3.240508005
H2scaf11-aug6758	24.46176919	-0.999474518	0.400399653	NA	NA	NA	5.040081377	144.9506007	8.011680971	15.66089001	6.24934324	4.480274002	3.677289724	7.62399351	43.41581326	5.507725119	-2.978692144
H2scaf737-aug24606	11.18569915	-1.203405455	0.413868196	NA	NA	NA	4.032065101	4.964061667	62.09052752	6.711810004	5.207786033	0.8960548	3.677289724	1.905998378	19.44961607	2.921782234	-2.734821117
H2scaf10-aug12128	50.47221705	-1.103114281	0.414411764	NA	NA	NA	39.31263474	21.84187133	35.05110425	242.7437951	7.290900447	11.6487124	22.06373834	23.82497972	84.73735136	16.20708273	-2.386373606
